false
10
45
0 1 53.0662039895
0 2 71.0892308274
0 3 18.959773728
0 4 83.9550599182
0 5 28.4756944915
0 6 57.0575741228
0 7 14.8706965228
0 8 42.0133690161
0 9 58.5294999954
1 2 31.7649107857
1 3 68.1964992767
1 4 11.1347276571
1 5 68.3783538275
1 6 35.2116797674
1 7 32.8334569603
1 8 57.2338998313
1 9 92.0986856801
2 3 13.8477184758
2 4 91.1089867076
2 5 80.3093944075
2 6 34.3882368934
2 7 47.5088585931
2 8 93.4833093226
2 9 29.6253046159
3 4 77.9084429958
3 5 72.2346560827
3 6 97.2954321761
3 7 29.0328640526
3 8 74.1201817243
3 9 86.2562936974
4 5 39.1547487226
4 6 37.8254006854
4 7 50.4316560443
4 8 9.78269355904
4 9 4.2289034673
5 6 26.8878295256
5 7 30.8727321267
5 8 68.1787422766
5 9 17.8676433101
6 7 59.6325227
6 8 9.91068621348
6 9 2.05845129477
7 8 10.8793131096
7 9 32.4274885592
8 9 64.7334892269
