false
11
55
0 1 20.3354919687
0 2 90.2129897522
0 3 80.1932676452
0 4 69.3506597692
0 5 50.3375981838
0 6 13.1898405142
0 7 30.2588826164
0 8 76.9133147648
0 9 37.3443540698
0 10 21.7716511567
1 2 69.3668338782
1 3 12.9775585985
1 4 60.6382895245
1 5 33.4621663639
1 6 34.9485130787
1 7 94.05570215
1 8 55.0050025891
1 9 42.7443182347
1 10 80.3004865642
2 3 10.9380273978
2 4 3.78821393865
2 5 52.0165572227
2 6 93.0860479201
2 7 35.0594736523
2 8 86.7665058031
2 9 93.1799686116
2 10 14.3041978245
3 4 5.94900176865
3 5 87.100041214
3 6 29.9985667383
3 7 44.3759592264
3 8 26.5881256822
3 9 72.6405290205
3 10 59.5118793163
4 5 82.0246465199
4 6 12.6636072856
4 7 49.194342908
4 8 8.39668862139
4 9 36.5443019045
4 10 16.3399391558
5 6 81.2015821807
5 7 81.6556128108
5 8 16.1040460753
5 9 76.9366109007
5 10 73.1838872916
6 7 22.1007424866
6 8 15.3887052076
6 9 36.7813097685
6 10 33.0929369065
7 8 67.6056566063
7 9 10.3128848876
7 10 80.6630238127
8 9 37.6659101358
8 10 54.4861336569
9 10 35.6360794055
