false
8
28
0 1 10.9364678025
0 2 21.3603563071
0 3 51.2318462075
0 4 42.4904626889
0 5 9.33733175546
0 6 26.3244744128
0 7 92.2183803977
1 2 82.6640704793
1 3 21.1814635901
1 4 15.1670076173
1 5 40.3752742256
1 6 91.8762008595
1 7 47.2071035681
2 3 7.12367194452
2 4 44.5717063049
2 5 11.4154502445
2 6 55.9369022997
2 7 93.1856586085
3 4 54.6135714681
3 5 83.2218632745
3 6 36.8115481323
3 7 1.28233649784
4 5 48.5303292627
4 6 57.0716943781
4 7 17.0407501705
5 6 71.1340928965
5 7 24.2655582798
6 7 30.9639440749
