false
9
36
0 1 53.3454946272
0 2 54.9191696902
0 3 36.9841727023
0 4 8.95324082405
0 5 47.5049774791
0 6 35.0724797584
0 7 83.1811817834
0 8 9.57587444627
1 2 85.9238148747
1 3 6.65865404066
1 4 76.3236454222
1 5 69.5023011038
1 6 42.9194384312
1 7 14.9212982815
1 8 46.0940329
2 3 25.5378161116
2 4 15.6746142461
2 5 89.7188451048
2 6 65.2899768092
2 7 26.0162280972
2 8 62.7552293486
3 4 39.9799004486
3 5 89.843287229
3 6 6.83935779914
3 7 91.657928987
3 8 55.3326727079
4 5 68.8528252671
4 6 42.2831037565
4 7 73.7096533666
4 8 28.7688330247
5 6 34.1133381334
5 7 53.2662059002
5 8 52.8484309107
6 7 10.1556329493
6 8 15.3744722884
7 8 82.6266088715
