true
12
106
0 1 70.4629420292
0 2 71.9879631
0 3 66.4655413826
3 0 75.2787031458
0 4 3.04108993408
0 5 42.2092025109
5 0 61.4687659112
6 0 49.7110818129
0 7 64.1703764398
7 0 77.233550879
0 8 14.8824481817
8 0 28.3251345798
0 9 47.6902793485
9 0 48.1164646229
0 10 30.2312854365
0 11 67.7519384432
11 0 45.9471463584
1 2 76.9626290205
2 1 19.1700142071
3 1 82.7514693896
1 4 47.3137123492
4 1 27.1158622334
1 5 35.3142543296
5 1 89.1315456722
1 6 70.1113412686
1 7 1.45272151727
7 1 48.3743511287
1 8 4.53553214849
8 1 54.575994086
9 1 69.0821086205
1 10 92.9415969145
1 11 18.5341497865
11 1 73.7566411319
2 3 90.0601460708
3 2 47.7899212189
4 2 64.5753633076
2 5 37.0287244763
5 2 8.33709651488
6 2 10.6596592806
2 7 68.7418566093
2 8 8.52461794156
8 2 16.4227602396
2 9 17.8427209772
9 2 97.894286164
2 10 44.5008851298
2 11 54.8487044572
11 2 31.4109780532
3 4 13.9845379033
4 3 64.0172110806
3 5 78.0747356471
5 3 1.68014401827
6 3 97.1488099262
3 7 70.7731576421
7 3 61.9258656827
3 8 93.9469382658
8 3 83.5860492094
3 9 3.46053081981
9 3 66.199647685
3 10 90.573863364
10 3 28.3026073527
3 11 24.0209200673
11 3 47.3053969583
4 5 21.5147753947
5 4 1.4219547561
4 7 70.2066211046
7 4 57.6535627006
4 8 81.62577734
8 4 99.8157561791
4 9 34.2556186904
9 4 25.6234453247
10 4 2.08029004772
4 11 12.721056439
11 4 52.1881139703
5 6 33.6017939754
6 5 25.8981785857
5 7 35.2557526028
7 5 23.0265499665
5 8 55.1044710275
8 5 65.9247049654
5 10 51.6620333791
10 5 28.8968801338
5 11 58.7226755522
11 5 67.3841753684
6 7 14.292731608
7 6 58.364215032
6 8 75.1871132429
6 9 57.1845966458
9 6 3.75720038708
6 10 16.4024194811
10 6 41.5243049857
11 6 60.0295984358
7 8 20.5858794919
8 7 22.0733225818
7 10 49.9553445822
10 7 26.3848124771
7 11 57.2005658476
11 7 52.3225101857
8 9 18.3178046959
9 8 87.9520378725
8 10 47.5807831039
10 8 88.3844703417
11 8 31.952243741
9 10 44.8241767466
9 11 69.9912579148
11 9 25.2799004496
10 11 77.8174206114
