true
13
102
0 1 56.1518667356
0 2 14.2398801489
2 0 19.9022464902
3 0 30.9672303319
0 4 33.7817330374
4 0 79.3359279803
5 0 26.1494394511
0 6 64.6842731888
7 0 43.3517291887
8 0 30.6975164596
0 9 45.4912000755
9 0 61.6133346191
0 10 56.374143227
10 0 88.9418601092
0 11 61.1679940293
11 0 72.0576438255
12 0 99.9842116346
1 2 68.0695515282
1 3 50.9863900815
3 1 15.8622237711
5 1 30.0921646094
6 1 54.6628574509
1 7 48.7349593312
7 1 75.7454551037
8 1 87.0092973439
1 9 58.5141379611
9 1 46.1075109416
1 10 81.1640715252
1 11 19.2191302554
11 1 76.6875935073
1 12 98.1848977018
12 1 68.8770568334
3 2 71.0423552568
2 4 37.975745173
4 2 65.7804317884
2 5 37.4457524084
5 2 55.0127653316
6 2 92.3152765986
7 2 3.08343541552
2 8 22.6192691337
8 2 50.2902117829
2 9 18.760364047
2 10 24.6604762451
10 2 83.631647582
2 11 15.3518393307
11 2 8.44307978237
12 2 55.795651503
3 5 50.1303999075
3 6 91.5033711052
6 3 90.3731048924
3 7 7.44450020444
7 3 88.3177457129
3 8 27.0147641603
8 3 72.529714072
10 3 23.0070167211
11 3 98.2371143363
3 12 11.2903831414
12 3 48.8908008788
4 5 87.1348043728
5 4 61.2486513786
6 4 33.057669902
7 4 48.7688901605
4 8 74.7350873542
8 4 63.2510954864
4 10 73.4518560586
10 4 15.0544282811
4 11 93.1648866897
4 12 5.07900222907
12 4 77.5061698914
5 6 90.2849700334
6 5 95.2418725719
5 7 50.4271418094
7 5 43.2561715058
5 9 69.6130665359
9 5 94.4793611237
5 10 20.9343061055
10 5 84.1500352412
5 11 91.7481130677
5 12 14.8262556021
12 5 55.0169975875
6 7 7.7581365769
6 8 75.536538448
8 6 30.5480414185
9 6 22.4596897354
6 10 48.6368230419
10 6 10.0440344598
12 6 53.8047751708
9 7 2.56016337208
7 10 71.1642156741
7 11 9.70328057057
12 7 95.8362039216
8 10 41.3381021499
8 11 31.4491344848
11 8 53.4650050836
8 12 60.3024293412
12 8 59.8086438819
10 9 8.5610592077
9 11 39.9763700932
11 9 22.7468861045
9 12 91.6145986895
12 9 86.5811949171
12 11 16.1319771101
