true
13
109
1 0 9.58820439252
0 2 29.9176826376
3 0 93.7372607169
0 4 67.7583889852
4 0 91.0707493896
0 5 77.1435050659
0 6 33.4216850062
6 0 60.6548734595
7 0 65.3943430317
8 0 84.047378647
0 10 68.4341636128
0 11 85.7941396254
12 0 19.1300380373
1 2 34.4021707851
2 1 87.3420717212
1 3 53.0576036264
3 1 63.1994453559
1 4 90.1949579017
1 5 75.4549199828
1 6 35.5635824924
6 1 79.3702213201
7 1 63.9445565449
1 8 84.0256225549
8 1 53.4081793301
1 9 22.3497712582
9 1 5.96437836648
1 10 13.0915221978
10 1 79.5660162084
1 11 38.1690952667
11 1 12.6999446885
12 1 51.9886071534
3 2 55.3239445254
4 2 21.6138217957
5 2 23.256439894
2 6 54.5966322359
6 2 30.8177248392
2 7 8.82123694974
2 8 71.2969677354
2 9 87.1715900929
9 2 75.524508869
2 11 23.3966268709
11 2 67.9436262193
2 12 14.9202791575
12 2 9.05520265674
3 4 30.1019917279
4 3 2.18676422049
3 5 46.9558053407
5 3 28.8133758551
3 6 10.2415722842
6 3 96.0609093815
3 8 86.5617863276
8 3 76.3786247136
9 3 13.5367014269
3 10 17.0467987025
10 3 60.5988404512
3 11 73.5047800675
11 3 59.4293774506
12 3 41.3951917865
4 5 88.5455515046
5 4 22.3119389885
4 6 5.94287225489
6 4 75.9580239709
7 4 19.5514467289
8 4 80.0997707987
4 10 82.9652476763
10 4 50.053884094
4 11 59.6715377991
11 4 13.0679838258
4 12 73.9312348264
12 4 68.0877127637
5 7 84.0296149614
7 5 8.40280833773
5 8 97.8962308627
5 9 22.2164334641
9 5 48.1609933163
5 12 47.9685351949
12 5 77.6870501794
6 7 65.1627119887
7 6 32.8272339385
6 8 11.8406990519
8 6 80.173981958
6 9 80.7692179793
9 6 38.9748895915
10 6 42.4882455362
6 11 25.389072458
11 6 35.9570135753
6 12 52.1650538572
8 7 38.4022554734
7 10 94.4856556909
10 7 85.1252330083
7 11 91.736626093
11 7 69.1775792181
8 9 72.9913103159
9 8 16.9298519703
8 10 11.5235931651
10 8 84.5587090303
11 8 68.9247326893
8 12 83.9768485544
12 8 41.101713318
9 10 95.4375936809
10 9 80.0320324891
9 11 22.9030021333
11 9 64.007372431
9 12 81.2478746933
12 9 38.3138393614
10 11 36.2726491145
11 10 39.7856351042
12 10 10.3316786162
12 11 57.4819202366
