true
13
128
0 1 54.0355562636
1 0 12.2940305885
0 2 30.1678788222
2 0 95.3024329724
0 3 39.7296701211
3 0 90.5877828949
0 4 73.6223616869
0 5 41.7900475738
5 0 53.1889886389
0 6 34.3427324971
6 0 80.8625977842
0 7 3.17805556707
7 0 55.390985508
0 8 23.6555125412
0 9 43.5888818623
9 0 8.92354467555
0 10 16.3287793053
0 11 66.3093571292
11 0 93.9915296849
0 12 23.5085560937
12 0 69.1464602419
1 2 70.7420954881
2 1 86.2576061114
1 3 94.0665642613
3 1 34.4354421491
4 1 37.7207304917
1 5 19.480331683
1 6 9.764672672
6 1 15.7277901851
1 7 48.1132959244
7 1 52.8824169835
1 8 97.5329504116
8 1 7.8095895597
9 1 25.1037700659
1 10 71.0542555997
10 1 40.0557660229
1 11 84.945220979
11 1 5.38444542678
1 12 45.1845180605
12 1 40.069412722
2 3 45.0225623055
3 2 92.3412247507
2 4 18.3498047843
2 5 64.5187231504
6 2 65.4399160063
2 7 15.888289666
7 2 45.1777859888
2 8 64.6139140937
2 9 41.497592372
9 2 59.2557892652
2 10 87.899098978
10 2 60.3322840828
2 11 58.2340925177
11 2 99.9846266074
12 2 15.0368820559
3 4 6.97020898176
4 3 24.2752458101
5 3 63.2739039511
3 6 29.8889124226
3 7 56.1336693732
7 3 41.9142907455
3 8 52.7016360826
8 3 93.5103160836
3 10 6.05357297222
3 11 42.0659397171
11 3 79.2891003431
3 12 57.7280326946
12 3 90.4750543123
4 5 47.6636764379
5 4 56.2633803948
4 6 98.5310976342
6 4 17.3411077648
7 4 54.6153313163
4 8 32.2696474535
8 4 18.9189482992
9 4 46.3082971347
4 10 65.5212800543
4 11 86.5433654896
11 4 22.3025930882
4 12 57.6565657437
12 4 87.8030431903
5 6 89.3437504958
6 5 15.3342908138
5 7 75.8323066442
7 5 59.8661062273
5 8 2.94328574508
8 5 83.9799770181
5 9 91.8063066689
9 5 80.8129886528
5 10 45.5079643742
10 5 39.345580633
5 11 91.4496505603
5 12 92.3755692011
12 5 27.0719084636
6 7 43.0573351369
7 6 72.2165715365
6 8 90.3153705806
8 6 55.5538018531
6 9 44.5168019635
9 6 88.8622092991
6 11 51.7615007207
11 6 92.6679356636
6 12 29.8144495025
7 8 71.2068544725
8 7 6.30714235843
7 9 61.5689275874
9 7 47.8436945118
7 10 24.7463545482
10 7 37.6201473297
7 11 20.3700861342
11 7 19.6089602056
12 7 35.1497111312
8 9 58.4403739356
9 8 7.80886985767
8 10 52.6717796452
10 8 5.86090630254
8 12 43.9084715502
12 8 2.41542797976
9 10 74.0087362355
10 9 67.6457091381
11 9 42.1444284767
9 12 44.7556237879
12 9 56.3164890094
10 11 30.8847698801
11 10 88.4716376922
12 10 15.083068481
11 12 19.7950797041
12 11 64.5149780866
