true
15
155
0 1 9.14808654263
1 0 4.45251917846
2 0 92.7813002166
0 3 98.00661657
3 0 97.1058546831
4 0 56.993835184
0 5 2.94666366609
5 0 76.9883076143
0 6 57.8244236145
6 0 20.5585778633
0 7 52.0529762223
7 0 15.4452571811
0 8 49.7658422532
0 9 81.2235523794
0 10 43.852419185
0 11 88.639188724
11 0 66.8464024257
0 12 3.51699208797
12 0 29.5727391347
0 13 1.14273707497
13 0 75.5870964123
14 0 98.6102318273
1 2 47.0594236636
3 1 47.3229300596
4 1 80.6041255563
1 5 37.647155394
5 1 26.833072512
1 6 77.6873255652
6 1 14.6927508871
1 7 12.7197544402
7 1 27.6277973911
1 8 38.4878451284
1 10 74.09719079
10 1 27.7724424202
1 11 2.34457004215
11 1 43.8019859865
12 1 89.5781543031
1 13 96.9941485369
13 1 81.8504687848
1 14 13.0940166606
14 1 23.881173373
2 3 71.8103713864
3 2 87.3128751869
2 4 85.9788864142
4 2 81.0069935465
5 2 45.4497389558
2 6 99.5330007992
6 2 80.8194599288
2 7 84.4458481159
7 2 40.1091389428
8 2 61.4584989885
2 9 97.7194296728
9 2 63.7575731477
10 2 36.6400766072
2 11 12.8579432094
11 2 42.1138118388
12 2 67.5422106519
2 13 76.5942539954
13 2 14.2171959528
2 14 66.2665997121
14 2 19.4391381258
3 4 85.2732912867
3 5 88.2023110636
5 3 35.3005297045
3 6 50.8682576893
3 7 87.5473656814
7 3 67.1621658418
3 9 5.62591542077
9 3 26.705517166
3 10 35.2107913452
10 3 19.6122524455
3 11 42.4192298751
11 3 34.6829169092
3 12 27.6584566716
12 3 80.9325932551
13 3 62.4206653764
3 14 6.43423333994
4 5 15.361272598
5 4 2.16393077806
4 7 82.9333136699
7 4 77.3298325871
4 8 61.723640843
8 4 49.0820642602
9 4 23.4439303424
4 10 70.4064560566
10 4 47.1483070307
4 11 33.8152797727
11 4 93.6140297944
12 4 44.68725954
13 4 79.7475699139
4 14 99.3992161373
6 5 32.8191183685
5 7 94.2120243362
5 8 44.8985061747
8 5 56.5650929214
9 5 73.4131707637
5 10 50.8578024372
10 5 86.432340477
5 11 81.867256647
11 5 87.5427222603
5 12 43.8567417028
5 13 63.2496082036
13 5 10.8056679371
5 14 16.9948052433
14 5 12.2498212705
6 7 15.0723292674
7 6 71.1587338402
8 6 48.9435596395
9 6 7.453817757
6 10 38.7945149651
6 11 11.6268388845
11 6 31.787899205
6 12 20.3991797735
12 6 38.0577008656
6 14 67.1344165323
14 6 58.8726719152
7 8 88.2451460189
7 9 18.4072945864
10 7 98.7370104196
7 11 48.8028674182
11 7 23.1499032257
7 12 68.3924419772
12 7 53.939554658
7 13 91.7411004813
14 7 93.3433658689
9 8 17.3987346157
8 10 89.1342804006
10 8 25.0504298953
11 8 67.5809476712
12 8 87.3467591955
8 14 81.4624761618
14 8 7.81063669653
9 10 9.77344317399
10 9 50.4516397471
9 11 96.1855434326
9 12 60.4034445659
9 13 32.5075420193
13 9 98.2118379894
14 9 46.2745425576
10 11 7.41178895374
10 12 30.5014154151
10 13 7.62885926805
13 10 3.49995395106
10 14 55.9165717639
14 10 79.5483181889
11 12 38.7993219601
12 11 96.7893957382
11 13 18.5861635248
13 11 21.0948944908
11 14 33.3094363221
14 11 74.6731159285
12 13 37.3652127788
13 12 28.1827462047
14 12 11.0266389783
14 13 27.0833132503
