true
18
207
0 1 72.8435337024
1 0 92.9227089721
0 2 11.3164223679
0 4 9.40910519329
4 0 29.453643901
0 5 66.71815879
5 0 37.7439330667
0 6 78.1282701859
6 0 8.96732357037
0 7 92.7008367237
7 0 94.9418182498
0 8 33.3309162003
8 0 93.0470295948
0 9 57.5226606628
0 10 63.7335572631
0 11 55.2442525318
0 12 80.8147964636
12 0 70.5309214419
13 0 93.853129036
0 14 28.518547518
14 0 43.1968957068
15 0 92.7733216198
0 16 92.8146562122
0 17 99.6287318765
1 2 14.1512890604
2 1 17.9875871934
1 3 43.6583611718
1 4 80.0066741064
4 1 42.5926257837
5 1 90.7049368121
1 6 84.53748155
1 7 66.5326866814
7 1 73.9133886874
8 1 47.1045640164
9 1 14.6653829188
1 10 94.0095034828
10 1 6.73364549014
11 1 33.8277341019
1 12 29.056842178
12 1 82.0701526184
1 13 35.4658251743
1 14 13.4336077877
1 15 61.1743966786
15 1 79.6873543412
1 16 17.209573395
16 1 51.9572890969
1 17 36.2598763245
17 1 66.7579658484
2 3 71.6957542377
3 2 63.2381983911
4 2 94.3618224867
5 2 82.0930749077
2 6 67.4403244068
6 2 7.88741478124
2 7 93.4013680516
2 9 51.8820939793
9 2 38.2145094944
2 10 2.03142370679
10 2 48.4695059301
2 11 28.2759957607
2 12 98.3853137253
12 2 44.986621432
2 13 32.5100137023
14 2 79.1510507352
2 15 30.8800503741
16 2 61.8468553603
4 3 63.5417878605
3 5 69.498579017
3 6 18.5112456607
6 3 37.9651410458
7 3 12.2332451234
3 8 81.4908146425
9 3 33.9216026805
3 10 9.51424229405
10 3 24.0549529559
3 11 56.5617336607
11 3 59.8998992472
3 12 57.863618489
12 3 34.4141833151
3 13 35.8616586387
13 3 88.0679037484
3 14 4.7485823776
14 3 96.4059848991
3 15 94.8290433212
3 17 4.82897060429
17 3 21.8294057888
4 5 65.9892718347
5 4 76.3498464056
4 6 25.2087161425
6 4 78.8042185405
4 7 10.7852120319
7 4 89.329108343
8 4 58.6235568091
9 4 30.6385785866
10 4 66.8717188131
4 11 88.2542042953
12 4 30.1809166136
4 13 13.0575366959
13 4 89.6707061735
14 4 91.561656128
4 15 50.3654255267
15 4 45.2506666447
4 16 95.2246060503
17 4 89.1483264681
6 5 12.4227000767
5 7 13.3095406044
7 5 74.7883123816
8 5 57.1350770039
5 9 28.1853932332
10 5 45.8942621829
5 11 72.0992440066
11 5 72.7455075587
12 5 40.3733480889
5 13 64.055580426
13 5 36.7845235806
14 5 34.7645866491
15 5 52.7119319479
5 16 1.18354834429
5 17 8.16152571611
17 5 33.2678252164
6 7 77.1788280236
7 6 37.7831376136
6 8 47.9914143075
6 9 52.9151430192
9 6 72.6188189685
6 10 54.4583442347
10 6 65.2772901017
6 11 84.5878144184
11 6 74.5475583097
6 12 26.7283491089
6 13 95.9334499697
13 6 29.4973589461
16 6 29.985738963
8 7 91.9164863219
9 7 89.1713799836
7 10 36.2223255396
7 12 67.9800431411
12 7 98.9996892923
7 13 94.8076039146
7 14 2.80900388663
14 7 24.5508179915
7 15 53.3032485193
15 7 32.7996009568
7 16 98.7455221179
16 7 45.4185693292
7 17 53.4181835943
17 7 8.1672476067
8 9 94.0036985276
9 8 40.9008160284
8 10 5.72269010955
8 11 34.2067111798
12 8 50.5466472872
8 13 90.4843956824
13 8 8.61919652257
8 14 68.1228124947
8 15 74.4065037302
15 8 55.6007892321
8 16 29.898977899
16 8 24.1360740336
8 17 63.7661301917
17 8 63.8217606626
9 10 33.8696190826
11 9 13.1428070191
9 14 29.0696560087
14 9 1.89408525289
9 15 8.1918243295
15 9 98.9605698057
16 9 12.5778508796
9 17 10.6454593913
17 9 99.8574480044
10 11 5.17303439805
11 10 77.6086078455
10 12 52.0919417806
12 10 76.2235515186
10 14 65.3000250051
14 10 79.3464810571
15 10 42.538274191
10 16 46.9548282363
16 10 74.4403600105
17 10 33.2394666289
11 12 25.109089191
11 13 36.4742340546
11 14 93.4229794187
11 15 52.5826869586
15 11 13.5329946101
16 11 89.4219788032
12 13 29.1043572615
12 15 8.99785740778
15 12 88.4520717005
16 12 4.12031029467
12 17 72.5493357304
17 12 28.6515884994
13 14 87.7869879772
13 15 13.5119897794
15 13 46.4478914152
13 16 63.0978280554
16 13 67.4515487975
13 17 34.9016764838
14 15 25.7558801647
15 14 18.4258537099
16 14 74.3231877202
14 17 86.0429112015
15 16 10.5663210956
16 15 45.5916290294
17 15 96.2698523232
16 17 35.6851325563
17 16 70.2935590859
