true
20
273
0 2 9.71348357359
2 0 98.5283699487
0 4 48.5004154344
6 0 17.1822497111
0 7 77.5306764256
7 0 12.6774249094
0 8 46.428113261
9 0 13.0931722727
10 0 55.2857563755
11 0 76.3195746995
0 12 1.20857603819
12 0 75.925374358
0 13 19.429245066
13 0 53.6085109285
0 14 8.49069778007
14 0 92.4228209969
0 16 43.8767765871
16 0 31.6988253583
17 0 49.4405417094
0 18 13.6931314341
18 0 77.6503981744
19 0 49.8453414126
1 2 56.3903416468
3 1 2.0199831777
1 4 55.4343457598
4 1 86.4959937481
1 5 14.1902269478
1 6 96.1865499819
6 1 94.7862195887
1 7 80.6060924475
7 1 35.9623979368
8 1 87.7642522283
1 9 71.6977657227
9 1 73.2692244648
1 10 41.3252183095
10 1 58.1819091328
11 1 42.3687183937
1 12 79.6485535033
1 13 39.1328449402
1 14 57.8573531852
1 16 51.7169547433
1 17 61.3270290786
17 1 16.0148796461
19 1 67.7042490236
2 3 23.8210427467
3 2 59.0028610146
2 4 86.1067049978
4 2 56.8486126472
2 7 33.7917468391
8 2 23.5633254364
2 9 2.64176752953
9 2 49.2724348627
2 10 74.2499394479
10 2 65.2161538784
2 11 74.9692044286
2 12 64.4140823915
12 2 41.6282081677
2 13 65.7168888052
13 2 71.5647859219
2 14 23.0080456052
14 2 43.5827635702
2 15 48.6598857589
15 2 7.70146634501
2 16 87.2258110215
16 2 92.9870490673
2 17 28.5308344629
2 18 34.9216106922
18 2 30.607225102
2 19 17.8235825867
19 2 95.3880684467
3 4 89.5861646349
4 3 65.1407661558
3 5 91.9175111916
5 3 34.09405543
3 6 67.280417597
6 3 93.602545267
3 7 90.4778904309
7 3 38.3777200196
3 8 89.6979932796
8 3 64.142069455
9 3 78.2508285578
3 10 33.4336109908
10 3 70.4399871027
3 11 44.6868374324
3 13 37.7955685543
13 3 28.2593672454
3 14 36.7667568694
14 3 38.677645751
3 15 77.8184945562
15 3 59.5261060604
3 16 10.156693207
16 3 41.8148854991
17 3 17.3777569169
18 3 44.4906745551
3 19 23.3795308281
4 5 73.1659880966
5 4 36.431403249
6 4 5.73874972659
4 7 5.05302646655
8 4 11.9649176014
4 9 68.0442831265
9 4 32.2463290642
4 10 11.6584263848
4 11 23.3359444898
4 12 34.6753747301
12 4 57.2059949307
4 13 91.4398504114
4 14 85.508355626
14 4 96.1204595171
4 15 18.0472084076
15 4 2.39347674064
4 16 98.8306109147
16 4 22.9708336925
4 17 72.1814541309
4 18 27.4916457282
18 4 95.2805500425
4 19 7.99941168269
5 6 28.3447421709
6 5 49.9609502462
7 5 88.4670175387
5 9 72.6590555117
9 5 74.9651287726
5 10 76.5167916073
11 5 24.4379844975
5 12 11.7841788033
12 5 77.8530363475
5 14 71.1666663974
14 5 12.9170478278
5 17 80.0984217761
17 5 23.6126204993
18 5 26.0967255303
5 19 75.1600924535
19 5 53.015988093
6 7 56.4422871408
7 6 99.3430481036
6 8 91.8230723844
6 9 10.680362408
9 6 44.2185198149
10 6 25.0901949166
6 11 62.9019170097
11 6 89.4029422281
6 12 55.2855749456
6 13 64.6742315897
6 14 57.2099473948
14 6 12.1310001485
6 15 95.0824094783
15 6 94.4161719794
16 6 65.2645513981
6 17 92.3834457113
6 18 42.6937112088
6 19 88.3477401624
19 6 71.4584374849
7 8 82.4509186948
7 9 73.0050719261
9 7 19.4920161684
7 10 71.4477445921
10 7 77.5644254096
11 7 51.8532707947
7 12 19.1199114528
12 7 56.0938592588
7 13 42.3488194724
13 7 26.2934305135
7 14 58.2872905506
14 7 43.5691553031
7 15 93.3692005942
7 16 8.97476283519
16 7 59.5575979255
7 17 56.1550695726
17 7 17.6230759719
7 18 24.6744225459
7 19 63.240152744
19 7 48.6402827317
9 8 88.5962263757
8 10 9.38813903986
10 8 27.7325593858
8 11 41.4851540282
11 8 68.7993572888
8 12 14.1419715126
12 8 77.1474320007
13 8 88.5363634294
8 15 47.0806416788
15 8 34.3330317375
8 16 46.2675946658
16 8 34.4977862817
8 17 34.1413418238
17 8 60.1403758962
8 18 22.39305474
8 19 34.746034432
19 8 83.5760383309
9 11 35.8993364206
11 9 79.5384605921
9 12 84.7690832121
12 9 11.242098623
9 13 23.4255879656
13 9 74.5478300496
9 14 74.8819586079
9 15 69.167744906
15 9 44.0298562193
9 16 50.0465688503
16 9 24.8273657959
9 17 18.4225421577
17 9 60.2124978534
9 18 5.31553344298
18 9 57.7285168483
9 19 23.8380887846
19 9 36.8436585146
10 11 13.9898394864
11 10 75.7154005291
10 12 82.5581676299
10 14 77.0147436573
14 10 14.3139196056
10 15 7.7811885255
16 10 55.5093635145
10 17 97.2503084291
17 10 39.9438285264
10 18 56.3152658304
18 10 4.6831728487
10 19 38.4512680698
19 10 28.4974061903
11 12 57.2859619249
12 11 56.7988187955
11 13 83.4823903271
13 11 78.7279663719
11 14 65.1535254924
14 11 71.9802601784
15 11 93.7038244645
11 16 9.3317092828
16 11 77.1361255527
11 17 65.487312485
17 11 4.11934422613
11 18 70.0907787705
18 11 5.73525963627
11 19 39.6858509885
19 11 5.51001083783
12 13 45.8099677598
13 12 26.6373880888
12 14 88.1356322877
14 12 36.9490629177
15 12 58.8593797654
16 12 19.0277605672
12 17 18.266806338
17 12 66.4979997878
12 18 5.84430740542
19 12 35.5923944924
14 13 16.1076580357
15 13 99.3482310139
16 13 45.8766127296
13 17 49.5475133984
17 13 18.9502160237
13 19 24.3903257815
19 13 78.0840685703
14 15 27.7048674385
15 14 26.3895194267
14 16 54.5295911138
16 14 58.4836233771
14 17 15.0601850734
17 14 73.2959175463
18 14 86.6481921007
19 14 33.6451553262
15 16 44.1562638593
17 15 67.372425013
15 18 14.6351343929
18 15 54.9487178304
15 19 62.6556431206
19 15 48.6482484118
16 17 39.5907252799
18 16 95.552221553
16 19 23.0920610044
19 16 66.7585000788
17 18 89.1468122116
17 19 2.6111569635
19 17 31.9249989445
18 19 40.9099070707
