true
22
271
0 3 32.5518302993
3 0 4.07396860519
4 0 68.3465678953
5 0 98.7591762589
0 6 12.2066208484
6 0 82.7360905356
0 7 24.5836184418
0 8 20.6812772632
8 0 44.9416770396
9 0 2.39276913753
0 10 94.1783287699
11 0 95.2499356279
12 0 78.0567749093
0 14 83.2955789857
14 0 18.6771263147
0 15 53.9398685916
15 0 81.953244218
0 16 6.25022101869
0 17 15.9264378547
17 0 48.3090489347
18 0 57.0187532552
0 19 62.6523126684
20 0 89.2403057997
21 0 40.3445187256
2 1 82.2185325009
1 3 69.9163203295
1 5 36.0687810774
1 7 10.6335976442
8 1 51.228950792
1 9 85.9394650045
9 1 48.3744914591
1 10 51.2408039233
1 12 53.6878419093
1 13 11.8787022754
13 1 73.9134533254
1 14 68.8509205518
14 1 50.5720934087
1 15 66.7541555993
15 1 18.3188111347
17 1 65.524415076
18 1 45.4391397115
1 19 52.9510088634
20 1 70.7861391668
21 1 36.0245229313
2 3 24.9778609885
3 2 88.9689447537
4 2 95.8328409125
5 2 13.9147099227
2 6 15.311598431
6 2 1.54738271874
2 7 27.9105964348
7 2 20.0083641068
2 8 72.7733877144
8 2 72.7631431168
2 9 13.0610054554
9 2 92.921888758
2 10 73.1027431671
2 11 71.2016908556
2 12 47.6710546853
14 2 31.1039484883
15 2 12.9313257469
2 16 42.75136616
2 18 88.7264337194
18 2 24.4704558665
2 19 19.3513584872
2 21 72.904418867
21 2 41.2398846066
3 6 97.6967847371
7 3 23.9182203312
3 8 62.1836458358
8 3 73.9164293714
9 3 49.0044634968
3 10 14.3676603139
10 3 13.4505406827
3 11 35.359394195
11 3 70.2581402323
3 12 82.4158744875
12 3 41.888105654
3 13 73.3013733335
3 14 59.0712559391
3 16 3.75466453356
3 17 52.8423267878
3 18 86.5215670723
18 3 27.3657888612
3 19 49.794874337
19 3 72.602600264
20 3 94.9737918694
3 21 19.3277648974
21 3 67.962598301
4 5 47.5143341749
4 6 88.0596895817
7 4 53.6952159686
4 8 51.0344647779
8 4 9.85263079628
4 9 10.785676112
9 4 50.5358950824
10 4 33.612018697
4 11 52.7617425818
4 14 74.9964098308
14 4 33.890698253
4 15 93.5525610888
15 4 80.0078340467
4 16 20.6333577273
16 4 74.9228449154
4 17 15.1690373432
17 4 22.1969397079
4 18 29.1414612855
18 4 77.1374317241
19 4 3.23626000749
4 20 27.9936897282
4 21 44.4007929973
5 6 62.1640616477
6 5 48.5933875654
7 5 63.6206909649
5 8 22.9376378482
8 5 88.3647122965
5 10 77.6133019178
10 5 11.4140318151
12 5 84.8356697125
13 5 24.2572267899
14 5 15.6243768219
5 15 5.14920355258
15 5 96.1769562149
5 16 64.9215355151
16 5 62.5132536484
5 17 50.8280894587
17 5 48.3533026787
5 18 61.2272836394
18 5 86.5782380064
5 19 68.7729823478
5 20 29.0987868052
21 5 18.1957668347
7 6 4.82053579165
8 6 96.877291984
6 9 56.6539598277
9 6 10.5971299502
10 6 48.062856322
6 11 78.6125746029
6 12 22.6427411752
12 6 67.7449044553
6 13 32.34148927
13 6 72.3559622667
15 6 92.190505329
16 6 38.8526202815
6 17 1.64549175124
17 6 41.5708605337
6 18 84.8597404372
6 19 50.1012113279
19 6 19.4415183568
6 20 10.2025274883
20 6 66.9858885073
6 21 73.2978026838
21 6 55.3181323806
7 8 99.9849447095
9 7 41.3504214684
7 10 81.2459481612
7 11 83.2384886735
11 7 19.1136126859
7 12 61.5982023814
7 13 52.6672830644
13 7 62.1556499358
7 14 30.2211170022
14 7 39.2568339118
15 7 9.85813197623
16 7 10.7710776882
17 7 1.79964513394
18 7 48.6259763296
7 20 70.7351604592
20 7 22.9866247083
21 7 18.9590813018
9 8 3.14378465801
8 12 44.0148987298
12 8 70.4397844351
13 8 65.0342089564
14 8 86.6143582449
8 15 72.2101925861
15 8 75.0622008014
17 8 11.6075475712
8 18 94.8907836522
18 8 7.07682770285
19 8 36.242430825
8 20 74.1192869133
20 8 7.78621833132
21 8 27.9915041856
9 10 25.4629494722
10 9 83.985155554
9 11 36.1308812699
11 9 69.3708338721
12 9 54.1935708129
9 13 28.8438257109
13 9 3.39882535988
9 14 99.6812846925
14 9 98.3813748634
9 17 65.5686389061
17 9 51.1748030126
9 18 26.9966289666
18 9 4.73224665225
9 20 81.1430943939
9 21 4.82180966255
21 9 31.9915346051
10 11 75.1683755091
10 12 39.6617954543
10 13 20.667517187
13 10 54.7995946784
10 15 68.6206863764
15 10 41.8648894234
10 16 7.14419623011
16 10 42.8278996957
10 17 29.7564513527
18 10 1.7501279713
10 21 81.3650103819
12 11 91.0121013582
11 13 79.4632014239
13 11 34.0745790321
11 14 9.86184872295
14 11 24.0549037883
11 15 5.83967809575
15 11 67.3630419662
17 11 14.0606905715
11 19 95.0038408603
19 11 5.46185363355
11 20 42.0217981597
20 11 14.8050587504
21 11 1.64855507499
12 13 95.5175250812
13 12 86.5832257932
12 15 16.8163053487
15 12 18.2327104592
12 16 35.6009060281
16 12 97.5471687634
19 12 3.5212883822
12 20 50.8534250688
12 21 93.6018029537
13 14 59.6342490923
14 13 91.5390924095
13 16 96.9605279385
17 13 8.67442579607
13 18 84.9731903345
13 19 35.5053483339
13 20 92.033502218
20 13 85.722996365
13 21 36.2855293686
21 13 86.6044196413
14 15 3.71235800079
14 16 23.3202509694
14 17 84.8041395047
14 18 44.8444482167
14 20 32.5633343075
14 21 22.8985764192
15 16 43.6842150472
15 17 7.24110022778
15 19 70.6391160945
19 15 47.1795553408
15 20 95.6348839008
20 15 4.372130374
21 15 98.8025047613
17 16 51.5930248333
16 19 11.8545258711
16 20 58.652017095
16 21 34.2092225806
17 18 8.6313074198
18 17 56.0183108982
17 19 28.5939496766
19 17 33.1876409495
17 20 72.6446202083
17 21 5.4629133186
21 17 48.8103731446
18 19 6.61114021044
18 21 16.7893064685
19 20 28.0151610294
19 21 73.1026586002
