true
10
67
1 0 82.0317218828
0 2 86.0682854062
0 3 19.0764195791
0 4 34.8358609145
4 0 47.3643400121
0 5 86.940450196
5 0 21.1890568218
6 0 62.9806329746
7 0 82.3594369052
0 8 40.5723940927
8 0 95.9786305252
0 9 8.68003916411
9 0 90.0171610651
1 2 47.9194237212
1 3 99.8986357088
3 1 40.8659860646
4 1 24.7881308043
1 5 89.9348323556
5 1 53.7389855446
1 6 65.8217419737
7 1 29.4799538419
8 1 76.0160014523
1 9 60.4618754979
9 1 50.7673258704
2 3 41.0027200339
2 4 24.5997135617
4 2 4.25704639734
2 5 53.503944974
5 2 78.9100390839
2 6 57.0859734207
6 2 45.5408670009
2 7 67.0177333979
7 2 24.2152740986
8 2 3.78378151157
2 9 56.5758409869
3 4 60.9811707566
4 3 99.6232192171
3 5 88.8481297278
5 3 20.087392782
3 6 11.8425095376
6 3 38.9740438827
3 7 7.13515629366
7 3 66.5244329039
3 8 68.8382017616
4 5 45.3950337053
5 4 48.8175389658
4 6 33.3112130027
6 4 26.4520380439
4 7 83.0871763839
7 4 26.5187585983
4 8 40.3853662994
4 9 37.0212741
9 4 95.0348328786
6 5 36.3052960275
7 5 97.2085304391
5 8 99.3090849207
8 5 36.2641260673
9 5 39.9470342079
6 7 20.2546115998
7 6 21.2048098776
8 6 95.777972298
7 8 60.1796539585
8 7 22.5202628213
7 9 43.35596837
9 7 71.5969576461
8 9 93.4071392492
9 8 62.6931513982
