true
8
41
1 0 16.2183310395
0 2 84.9739251892
3 0 20.0778486493
4 0 44.3293688649
0 5 1.69126977777
5 0 39.0386885163
0 6 50.2770366653
0 7 22.2445488347
7 0 64.7724100123
1 2 34.3946226025
2 1 36.9914101861
1 3 6.90885012444
1 4 48.1404331981
4 1 48.1573344143
5 1 50.9809588895
1 6 94.2917863053
6 1 43.3257263653
7 1 3.22557401187
2 3 80.4002988755
3 2 27.3826646527
4 2 11.944908624
2 5 14.9619895258
2 6 16.1507781211
6 2 57.227024168
2 7 80.9381331212
7 2 44.7435530424
3 4 5.91146312495
4 3 14.960921745
3 5 90.0104561545
3 6 45.614241307
6 3 1.11224880534
3 7 93.9842165787
7 3 34.6277971232
4 5 50.5989112327
5 4 92.9139779603
7 4 59.6646828522
5 6 16.1768719635
6 5 19.3583138245
5 7 72.4329511654
6 7 19.606308164
7 6 17.096915898
