true
10
90
0 1 92.4982685709
1 0 43.9077504712
0 2 80.4354676496
2 0 40.6311229151
0 3 48.1009950438
3 0 31.4190413318
0 4 12.8918273604
4 0 55.3280806461
0 5 77.3037349181
5 0 25.996047619
0 6 32.3734126615
6 0 75.3871756206
0 7 75.9268967629
7 0 62.0867180408
0 8 8.86323328741
8 0 94.7838469217
0 9 87.7697215339
9 0 65.2122084488
1 2 49.2045561155
2 1 4.61270731316
1 3 64.0795822532
3 1 61.3326444446
1 4 53.8619600357
4 1 99.5967060617
1 5 21.9219753502
5 1 47.9917398718
1 6 32.8048031437
6 1 36.8288020813
1 7 48.8085228385
7 1 3.76717804228
1 8 28.8128982383
8 1 42.4959754608
1 9 86.6225554464
9 1 3.87330587555
2 3 45.3721496244
3 2 68.855284354
2 4 30.9193806381
4 2 51.6342748994
2 5 51.302453779
5 2 57.9651128596
2 6 66.5714833619
6 2 97.593789912
2 7 18.6577059617
7 2 46.2935901849
2 8 52.5517606302
8 2 11.0482100641
2 9 41.4806689257
9 2 21.718716223
3 4 61.799293044
4 3 42.3742955164
3 5 46.5690641377
5 3 90.5429357737
3 6 29.3731744169
6 3 23.0614645674
3 7 69.1672538653
7 3 34.2997627754
3 8 65.0529413963
8 3 56.1218260113
3 9 38.2530856116
9 3 28.2566020811
4 5 99.5947968134
5 4 24.9376561943
4 6 16.4369856966
6 4 81.4172563599
4 7 50.539500938
7 4 11.3616313425
4 8 30.2442276217
8 4 55.461905026
4 9 42.6236828706
9 4 35.3204606288
5 6 67.0184829426
6 5 91.9143931045
5 7 76.9040565808
7 5 68.001494387
5 8 6.80082009925
8 5 15.383241352
5 9 45.5965895335
9 5 49.4600808638
6 7 62.3359950301
7 6 31.7560631569
6 8 97.7003091486
8 6 71.6799819553
6 9 18.8691485441
9 6 19.2760669615
7 8 15.3047996368
8 7 81.9304864318
7 9 50.1325701159
9 7 10.2987477766
8 9 45.5485699294
9 8 24.5885233841
