11
110
0 0 0.0
0 1 13.5488671087
0 2 65.3615092063
0 3 64.0345811128
0 4 27.0610306846
0 5 4.33877608967
0 6 94.5491087935
0 7 60.1246115639
0 8 38.4769471492
0 9 13.9056807232
0 10 26.3769946872
1 0 35.1589191884
1 1 0.0
1 2 11.9253070441
1 3 58.6405640309
1 4 53.7662347828
1 5 22.3126855827
1 6 31.4845243524
1 7 93.9897066381
1 8 37.4699996502
1 9 55.0969948166
1 10 50.0656739901
2 0 12.4073914403
2 1 49.2045503015
2 2 0.0
2 3 27.3952454421
2 4 97.1592473343
2 5 63.3766888091
2 6 10.441576237
2 7 60.9483416834
2 8 22.9824048203
2 9 14.8028227827
2 10 77.2867985378
3 0 36.2847346157
3 1 26.271602943
3 2 31.0458298482
3 3 0.0
3 4 24.4606399248
3 5 69.78062459
3 6 63.5682452626
3 7 44.1804617909
3 8 18.6142979101
3 9 97.2201478093
3 10 84.5528982864
4 0 76.1906168572
4 1 63.7781566552
4 2 82.8014912079
4 3 27.5290514633
4 4 0.0
4 5 13.755725772
4 6 57.003939009
4 7 92.6370637037
4 8 19.9468523193
4 9 88.0130522322
4 10 14.1858328859
5 0 89.6478665223
5 1 97.4481083731
5 2 80.226864866
5 3 41.6556797872
5 4 90.4726415002
5 5 0.0
5 6 65.457877261
5 7 89.7488429899
5 8 93.0318379855
5 9 71.2105280894
5 10 21.3836476855
6 0 76.1979658386
6 1 12.3309423079
6 2 42.6143918456
6 3 37.6738274332
6 4 27.3351231581
6 5 32.8532420764
6 6 0.0
6 7 85.33215168
6 8 95.1379582376
6 9 82.3602944123
6 10 26.1773446904
7 0 48.1676205223
7 1 10.5979801795
7 2 17.1719592071
7 3 75.9209671659
7 4 87.2167749358
7 5 92.0294150794
7 6 62.3200497636
7 7 0.0
7 8 27.5043718586
7 9 20.4484522846
7 10 88.0092113127
8 0 67.875222161
8 1 95.4874595028
8 2 47.5561323742
8 3 99.6711291767
8 4 74.7403619462
8 5 49.7580167596
8 6 63.8212691475
8 7 30.627883622
8 8 0.0
8 9 13.9958817945
8 10 86.9270149622
9 0 12.8942250313
9 1 49.5475196962
9 2 67.2362524142
9 3 31.4573746122
9 4 33.8849019701
9 5 85.3781648371
9 6 22.5194396297
9 7 55.9767191819
9 8 46.5936745805
9 9 0.0
9 10 47.4045730648
10 0 61.973493691
10 1 62.009625634
10 2 88.8570275412
10 3 74.956870605
10 4 48.4240856556
10 5 25.1178739384
10 6 77.5901348808
10 7 54.7618302959
10 8 47.5905723359
10 9 5.37438322291
10 10 0.0