true
12
132
0 1 21.9038467054
1 0 48.3840561016
0 2 5.65579469373
2 0 42.3894002125
0 3 56.2360191184
3 0 65.1858669025
0 4 95.8902883904
4 0 34.61710934
0 5 20.6337186888
5 0 79.5000419533
0 6 77.9599117901
6 0 84.1533392278
0 7 42.0941688614
7 0 51.5940366871
0 8 58.715315964
8 0 49.2725510078
0 9 69.108452621
9 0 25.9414008748
0 10 70.0885211912
10 0 11.2154598893
0 11 25.256337453
11 0 76.7640237461
1 2 71.6235384805
2 1 22.3095129827
1 3 74.8906650952
3 1 27.1592463413
1 4 78.0052595554
4 1 3.6501388863
1 5 20.67993419
5 1 42.9585361382
1 6 8.14849929325
6 1 93.7124674251
1 7 36.4937043871
7 1 58.3666390124
1 8 23.1131001488
8 1 72.7817578668
1 9 94.1313532194
9 1 71.4740902375
1 10 73.4445758166
10 1 62.0936760644
1 11 59.2391049909
11 1 68.3512955138
2 3 69.0289246673
3 2 50.5519164562
2 4 18.29748444
4 2 71.6611766594
2 5 56.2397986953
5 2 14.0093242141
2 6 8.71757083687
6 2 70.5292719665
2 7 85.1227227396
7 2 41.6241835272
2 8 40.3486053975
8 2 58.5007703067
2 9 75.4999108341
9 2 82.2030519727
2 10 29.0571168467
10 2 19.9127731245
2 11 87.867968456
11 2 89.8194424363
3 4 68.1866068539
4 3 57.3827839759
3 5 38.8892712409
5 3 95.2566290272
3 6 43.1055721814
6 3 86.4501179319
3 7 92.2208774902
7 3 91.192922295
3 8 20.4743721476
8 3 37.6757334337
3 9 33.1976332562
9 3 48.3819866181
3 10 37.7509288311
10 3 90.8922934272
3 11 88.5863960577
11 3 59.9846645707
4 5 18.5564248055
5 4 23.1262281491
4 6 97.3561286191
6 4 7.84527729648
4 7 49.4683611323
7 4 62.6556923467
4 8 23.6541338926
8 4 35.6768041187
4 9 9.35444907959
9 4 26.0817515152
4 10 12.3661018027
10 4 29.5380300535
4 11 50.5739248006
11 4 40.6975794126
5 6 81.7028205273
6 5 68.5638994651
5 7 15.6720541288
7 5 68.6192814102
5 8 95.6964645017
8 5 61.7987308858
5 9 49.1084151028
9 5 75.8999402551
5 10 70.6290134243
10 5 51.1646811382
5 11 8.16907995319
11 5 47.9665593362
6 7 35.6818747068
7 6 65.2172595539
6 8 82.8076980678
8 6 58.9495168658
6 9 86.8657635501
9 6 57.9837868872
6 10 7.29521006335
10 6 81.192235055
6 11 70.5382528059
11 6 25.3072077863
7 8 12.4355376109
8 7 21.8434329195
7 9 95.6339816067
9 7 15.8549489538
7 10 53.1934685
10 7 73.2663155399
7 11 22.1100235258
11 7 7.27325280783
8 9 13.3379021523
9 8 36.1681230558
8 10 53.0361848163
10 8 96.7043264045
8 11 85.4832385903
11 8 11.9277613606
9 10 49.3952673672
10 9 51.1478917203
9 11 77.6238973001
11 9 49.180258108
10 11 82.3473943733
11 10 54.6083148818
