true
13
156
0 1 16.6319871475
1 0 77.1140665019
0 2 85.7744105099
2 0 89.317324313
0 3 20.1506163822
3 0 35.5412523426
0 4 41.1628108694
4 0 34.7753977665
0 5 31.2135977132
5 0 88.6145483751
0 6 99.4676707363
6 0 16.1047935054
0 7 48.5062539913
7 0 87.594146132
0 8 33.2802136228
8 0 49.9231030228
0 9 89.2055018385
9 0 7.92728589817
0 10 71.9360746113
10 0 91.9567389246
0 11 78.4345895529
11 0 8.70872124568
0 12 70.2810833853
12 0 4.30392621049
1 2 28.8302179877
2 1 53.1507325907
1 3 9.77766769855
3 1 88.8813759309
1 4 64.222733687
4 1 21.0219652531
1 5 61.1787554561
5 1 43.5756977359
1 6 86.9468974834
6 1 97.7769400464
1 7 34.3256167429
7 1 42.2462202419
1 8 86.6135292019
8 1 86.1011852376
1 9 6.51479533685
9 1 11.0608775927
1 10 28.2064975902
10 1 38.6717432065
1 11 54.2448882658
11 1 43.1039134174
1 12 61.5357085874
12 1 43.6429732174
2 3 57.8921071324
3 2 36.9962985629
2 4 90.4518941226
4 2 98.6198717714
2 5 24.7010277874
5 2 40.4958696672
2 6 84.3482565881
6 2 79.7936340815
2 7 90.3924942059
7 2 31.3272112868
2 8 65.8222553362
8 2 9.64901127471
2 9 14.6789221233
9 2 4.59423251417
2 10 22.9646704381
10 2 75.7283244313
2 11 31.3576040119
11 2 31.1884295492
2 12 82.9389110832
12 2 74.5928866776
3 4 48.5517975276
4 3 94.0087066553
3 5 46.5486780453
5 3 37.1456160509
3 6 67.7903322937
6 3 48.9835247637
3 7 91.8379382996
7 3 72.7770087815
3 8 63.5586561783
8 3 50.2386431233
3 9 25.5689822557
9 3 41.0421433714
3 10 15.0477285958
10 3 12.1506848654
3 11 22.0549209335
11 3 25.1573013605
3 12 72.1345325678
12 3 10.5810424405
4 5 45.8677238115
5 4 87.7972589005
4 6 23.964624093
6 4 4.70317153004
4 7 73.4154271565
7 4 25.4632489441
4 8 89.6782088536
8 4 88.2016031703
4 9 6.00188179557
9 4 36.1234892975
4 10 66.4773970117
10 4 83.7078064223
4 11 73.5432542976
11 4 52.2258214502
4 12 7.75305570055
12 4 89.530637223
5 6 59.0329748017
6 5 31.4937843733
5 7 51.9383248687
7 5 72.8145194087
5 8 81.2261962341
8 5 64.4398256162
5 9 15.3638998114
9 5 1.15467839261
5 10 91.6059635216
10 5 51.6795367549
5 11 18.0893158506
11 5 48.3962763014
5 12 2.81342003525
12 5 35.9484643288
6 7 36.958635043
7 6 96.9281039201
6 8 51.0741110183
8 6 51.9453141869
6 9 58.9964188799
9 6 14.3305286929
6 10 41.2678318463
10 6 19.2940679761
6 11 39.2282438786
11 6 53.704685491
6 12 83.6236202351
12 6 16.9699452183
7 8 4.98113557584
8 7 28.187139118
7 9 85.6799926776
9 7 48.7328620171
7 10 3.5736746877
10 7 78.8760896178
7 11 34.768934973
11 7 2.06186878436
7 12 31.3411799259
12 7 25.3708806407
8 9 48.0292145361
9 8 48.6589627089
8 10 79.2604303843
10 8 98.8089746075
8 11 75.4526488675
11 8 90.0529833361
8 12 93.9544973396
12 8 84.8376383674
9 10 52.6963002428
10 9 31.0370736251
9 11 95.185983129
11 9 95.7204746154
9 12 32.6902326517
12 9 41.714483344
10 11 86.5749126512
11 10 43.5813273354
10 12 4.57845039517
12 10 44.6800396532
11 12 62.7833065206
12 11 12.4927966663
