true
14
182
0 1 95.4674228986
1 0 60.3666663985
0 2 92.9789668102
2 0 20.9839988025
0 3 51.9637410207
3 0 88.2874447263
0 4 15.3564227928
4 0 82.2780093548
0 5 47.0841702405
5 0 24.7093236331
0 6 89.7171692525
6 0 8.23260548233
0 7 29.0581346291
7 0 26.0681235358
0 8 13.3713902954
8 0 67.7926215298
0 9 52.5738450586
9 0 31.0187182242
0 10 2.84653737131
10 0 97.5684414999
0 11 13.1833847056
11 0 72.5587214291
0 12 64.9390789893
12 0 37.5638855666
0 13 81.0525489443
13 0 44.7113089527
1 2 98.3498502072
2 1 61.5985497709
1 3 4.74824627793
3 1 4.54142551259
1 4 26.7010518539
4 1 87.2502215061
1 5 86.7894040865
5 1 6.89758643038
1 6 75.8049158529
6 1 88.304236847
1 7 52.3255462306
7 1 40.5637015736
1 8 1.86774466136
8 1 10.9188828411
1 9 32.3873931181
9 1 46.0408274266
1 10 7.75546573363
10 1 65.2457975082
1 11 86.2933097417
11 1 77.3595071852
1 12 13.1521026663
12 1 20.5964460487
1 13 19.1034952225
13 1 43.8117922811
2 3 18.7963867108
3 2 63.45796627
2 4 14.75635703
4 2 70.2139438751
2 5 59.4755439275
5 2 46.2256792031
2 6 33.7962475474
6 2 62.2730869932
2 7 51.2158130142
7 2 80.9507101601
2 8 8.53662682111
8 2 90.6287467846
2 9 54.6733012319
9 2 81.8146376181
2 10 2.39401843204
10 2 39.4693919945
2 11 34.6971203742
11 2 26.4151096692
2 12 34.9441690646
12 2 48.7936677199
2 13 80.4403441405
13 2 49.7659944212
3 4 73.4705104347
4 3 63.3485085536
3 5 77.924265424
5 3 36.2839430588
3 6 92.9758593264
6 3 13.9567016078
3 7 88.0176370386
7 3 86.5743170579
3 8 13.3399067899
8 3 74.7422204562
3 9 54.1507416752
9 3 15.9429483684
3 10 47.6360968407
10 3 38.5126194203
3 11 41.1553211973
11 3 98.9408706984
3 12 25.7332530249
12 3 57.3480345792
3 13 64.7336179408
13 3 99.3601034597
4 5 44.0221187408
5 4 50.0066121962
4 6 1.64701047929
6 4 35.7004456267
4 7 72.3177298892
7 4 37.6495170372
4 8 54.7280987349
8 4 74.9715960317
4 9 38.2841456336
9 4 81.6764909601
4 10 53.1511828865
10 4 6.80826809843
4 11 13.334241909
11 4 17.5917331645
4 12 73.4692086557
12 4 73.2074008824
4 13 84.1444405679
13 4 14.6016683592
5 6 99.4518919143
6 5 42.9507930399
5 7 88.3955109531
7 5 35.1003812313
5 8 30.4809054162
8 5 7.19726782056
5 9 50.2922907335
9 5 90.8832955161
5 10 77.0380484851
10 5 86.8172370982
5 11 82.2534386544
11 5 43.0112748731
5 12 37.2770740042
12 5 9.88091517472
5 13 23.3044638449
13 5 71.0174900411
6 7 68.8953183299
7 6 63.0720089038
6 8 15.9631069038
8 6 96.9286682148
6 9 14.960764227
9 6 61.2211551714
6 10 61.0586742062
10 6 21.5462960612
6 11 84.1019866588
11 6 14.1970310953
6 12 55.3446465121
12 6 25.8395876848
6 13 87.8411063186
13 6 95.8559885257
7 8 39.8784180413
8 7 48.8873548366
7 9 13.0354409652
9 7 83.1574437609
7 10 91.5185169356
10 7 80.6854992399
7 11 82.0485669778
11 7 65.4952509598
7 12 75.5966428035
12 7 37.1617005084
7 13 53.9189081739
13 7 90.1604317812
8 9 62.3279966348
9 8 5.90146788418
8 10 85.8058951929
10 8 77.0751009326
8 11 67.9246023045
11 8 92.9237385347
8 12 28.3823349099
12 8 7.37169729277
8 13 34.3050388467
13 8 90.9585975226
9 10 29.9588412139
10 9 64.5130287443
9 11 70.6307684543
11 9 42.8540643054
9 12 68.8851850125
12 9 51.1645766441
9 13 34.2732734111
13 9 41.472711917
10 11 33.3490839588
11 10 37.195596553
10 12 48.0949077807
12 10 34.6296272412
10 13 25.384507663
13 10 72.5541623627
11 12 55.8840692776
12 11 50.7924971772
11 13 81.4651881498
13 11 45.3793151813
12 13 99.7617205025
13 12 40.5733838748
