true
15
210
0 1 20.9961415626
1 0 11.4884745523
0 2 39.3829541201
2 0 94.576988157
0 3 10.5026675647
3 0 38.558609913
0 4 61.2790190223
4 0 18.2046514554
0 5 25.5295396838
5 0 92.0502065493
0 6 87.3469525772
6 0 13.7191512492
0 7 95.0834544382
7 0 33.3568096284
0 8 88.3733307249
8 0 55.5019756393
0 9 59.5420426432
9 0 87.3531787394
0 10 79.9780810476
10 0 44.262059598
0 11 2.87865252099
11 0 82.8321975596
0 12 37.2327799845
12 0 16.2478786329
0 13 60.7692400298
13 0 19.7896806838
0 14 4.20134421207
14 0 10.246750395
1 2 98.4705564757
2 1 76.2687501752
1 3 41.2028485758
3 1 65.4055914767
1 4 80.9672698861
4 1 90.6854712428
1 5 28.3156424627
5 1 57.660892172
1 6 47.9290549692
6 1 58.5021278057
1 7 95.0450335955
7 1 20.5701764515
1 8 33.832827506
8 1 11.1116635625
1 9 94.183344551
9 1 34.0451039988
1 10 15.0210842966
10 1 66.8901074388
1 11 94.797191221
11 1 52.7268471088
1 12 59.8241043194
12 1 8.42554386895
1 13 42.0771484952
13 1 11.1138337112
1 14 56.572330659
14 1 71.2318720039
2 3 15.7263653634
3 2 94.1748445613
2 4 97.331562382
4 2 46.0605967794
2 5 94.3491383523
5 2 71.9338701717
2 6 36.0923558346
6 2 46.5723350272
2 7 60.104734295
7 2 38.7335288577
2 8 25.6681582829
8 2 75.4048543405
2 9 28.2032878861
9 2 5.98744667837
2 10 95.8581904549
10 2 75.3599024245
2 11 9.0755870882
11 2 53.5729675448
2 12 66.810245443
12 2 21.4937989093
2 13 32.856040031
13 2 51.1912365314
2 14 10.4961548892
14 2 96.4962513382
3 4 56.5272397296
4 3 62.0639834246
3 5 12.9715780721
5 3 6.77414584242
3 6 84.4395412956
6 3 93.7639375812
3 7 69.6707160899
7 3 41.8288284346
3 8 26.8116433842
8 3 92.4827210445
3 9 3.24959394475
9 3 43.4020183061
3 10 8.0750727328
10 3 68.7293245643
3 11 21.2606115748
11 3 40.6775365378
3 12 62.1970495812
12 3 46.1577028372
3 13 86.9373044827
13 3 81.4937373927
3 14 15.4025502092
14 3 49.0424391696
4 5 28.2947121782
5 4 7.35449295565
4 6 63.2093010103
6 4 67.59766823
4 7 50.3886307335
7 4 67.7063192895
4 8 76.5599524173
8 4 61.3954844472
4 9 98.7020887564
9 4 27.0655632658
4 10 73.3454873404
10 4 66.3551942955
4 11 19.9700706086
11 4 54.4893275452
4 12 86.3740798659
12 4 76.6601736825
4 13 58.5090326833
13 4 83.0531984861
4 14 92.282064637
14 4 48.738210613
5 6 57.9689894367
6 5 16.3879531833
5 7 32.7125970096
7 5 11.8343122961
5 8 65.881555809
8 5 71.949775978
5 9 10.077742207
9 5 8.63397530611
5 10 92.6701975411
10 5 66.3641888943
5 11 89.7572795601
11 5 36.3580029293
5 12 19.4413235721
12 5 88.0270257251
5 13 31.8317895234
13 5 74.1973657785
5 14 54.9528340482
14 5 12.7574600771
6 7 94.8783289431
7 6 50.9955552571
6 8 8.08802875991
8 6 88.2447112779
6 9 97.6798844953
9 6 45.2925682357
6 10 29.5527388603
10 6 45.9347693373
6 11 31.9357733073
11 6 80.647491907
6 12 4.83760741205
12 6 48.170677046
6 13 81.3335965313
13 6 87.6658376849
6 14 39.7471940535
14 6 62.69621671
7 8 52.4304669799
8 7 56.3296072161
7 9 93.6615153733
9 7 64.530567906
7 10 89.3111674572
10 7 60.705859122
7 11 93.4265457601
11 7 89.4606685923
7 12 1.17405050861
12 7 13.0095613048
7 13 8.29373438666
13 7 38.5716713917
7 14 5.57236100731
14 7 82.7541169905
8 9 34.6417785491
9 8 88.4155269176
8 10 89.4232824023
10 8 93.2105944322
8 11 96.6275238735
11 8 72.9329751393
8 12 36.166753888
12 8 99.7270330739
8 13 58.9308257533
13 8 5.17399500642
8 14 48.2203878377
14 8 58.5269202238
9 10 67.6531598243
10 9 80.1800125373
9 11 15.5486493602
11 9 90.1083333153
9 12 91.7370667998
12 9 4.68877809262
9 13 23.7567877497
13 9 69.8441072265
9 14 99.0552336886
14 9 20.4923465402
10 11 17.4232127271
11 10 44.4523408394
10 12 30.7651915855
12 10 1.92644922978
10 13 17.1116058206
13 10 65.594876265
10 14 53.7394850183
14 10 23.6492184056
11 12 35.1955558047
12 11 73.6361976541
11 13 81.138100935
13 11 48.3596866355
11 14 28.1911756609
14 11 16.5132504144
12 13 52.05334093
13 12 69.2148612291
12 14 69.0585269307
14 12 35.3335651254
13 14 67.0945030642
14 13 94.5723033649
