true
16
240
0 1 49.1047245972
1 0 13.3414081148
0 2 98.0087628359
2 0 10.2097171693
0 3 46.3763881773
3 0 19.8908868037
0 4 51.1095041282
4 0 23.4658184642
0 5 24.7417169831
5 0 61.1920847127
0 6 48.2075963176
6 0 70.8362797136
0 7 30.2971462715
7 0 4.02606960956
0 8 93.1805793147
8 0 14.3828129023
0 9 88.2998318911
9 0 80.0969251576
0 10 66.6079141472
10 0 42.2245449155
0 11 46.9172333393
11 0 61.9786910109
0 12 20.3518274312
12 0 76.8512279325
0 13 82.7770489989
13 0 40.1599041007
0 14 66.4339798576
14 0 73.5265513745
0 15 43.3006034186
15 0 16.4273328027
1 2 68.5340599138
2 1 77.0747892582
1 3 25.898885468
3 1 7.85564498364
1 4 68.2946804287
4 1 33.6224670794
1 5 77.2471254548
5 1 98.5557097994
1 6 77.4591912836
6 1 42.1626800167
1 7 57.4405000403
7 1 39.9329622275
1 8 30.2563789553
8 1 7.09888919372
1 9 35.9444807129
9 1 50.1528457728
1 10 88.1913584268
10 1 74.0075030253
1 11 4.18163540824
11 1 87.9704189428
1 12 21.8478459919
12 1 95.9765022558
1 13 4.2397889858
13 1 69.9796001804
1 14 68.1039642246
14 1 38.6330309439
1 15 16.1518604635
15 1 32.6281087135
2 3 72.6740562293
3 2 80.8425449406
2 4 98.2348789384
4 2 91.4813285758
2 5 47.5846700007
5 2 63.6123246697
2 6 32.084660214
6 2 93.9028117417
2 7 18.5630833085
7 2 88.7692006455
2 8 34.5046658937
8 2 55.0601368174
2 9 18.2689598243
9 2 37.4759967099
2 10 53.517926499
10 2 55.6614468587
2 11 91.0148729228
11 2 66.7961591427
2 12 43.0402739762
12 2 28.7488021162
2 13 66.3722461852
13 2 2.98116432362
2 14 40.4302306937
14 2 85.146100039
2 15 27.2351497777
15 2 28.118980367
3 4 11.9288553426
4 3 59.5027866508
3 5 52.9333737337
5 3 52.8140705493
3 6 22.9582627236
6 3 28.1930598774
3 7 42.1076150412
7 3 28.060160558
3 8 64.0601790432
8 3 1.1548295335
3 9 90.892289567
9 3 25.4305010362
3 10 24.4267416778
10 3 63.4718334921
3 11 56.2474474418
11 3 67.2765497848
3 12 58.3836145436
12 3 27.7321225819
3 13 32.8496349482
13 3 90.7995543511
3 14 4.71456461907
14 3 15.2548948154
3 15 28.6852916702
15 3 97.1677730939
4 5 55.0645667379
5 4 44.8396569655
4 6 98.0086549049
6 4 46.3451861887
4 7 36.5197491237
7 4 27.2873965764
4 8 34.1128089964
8 4 41.2851227743
4 9 59.6205177366
9 4 73.431168971
4 10 44.4188226171
10 4 80.0578174645
4 11 46.9730582533
11 4 61.2111555763
4 12 35.5166418359
12 4 35.3593562077
4 13 75.2673601833
13 4 55.5938709874
4 14 34.0457328436
14 4 31.9081628749
4 15 76.7338709845
15 4 94.4091414655
5 6 68.7627668535
6 5 22.5618847124
5 7 9.58700961784
7 5 31.8484031284
5 8 43.6027259437
8 5 27.6572216755
5 9 74.7121017132
9 5 70.5697642368
5 10 62.9318465901
10 5 10.8988751339
5 11 32.0474393072
11 5 59.2905815142
5 12 88.1681453007
12 5 30.7040553309
5 13 45.4327222065
13 5 66.3758340783
5 14 77.5721532602
14 5 82.0748964522
5 15 16.8129793368
15 5 67.7289408388
6 7 54.7495641064
7 6 39.5836877072
6 8 50.8792113995
8 6 42.6957971531
6 9 45.6128337199
9 6 89.0234002004
6 10 76.3841241777
10 6 76.7839819734
6 11 9.60817966503
11 6 87.6256661213
6 12 7.11965438377
12 6 19.4551475321
6 13 66.9519632463
13 6 61.3102811872
6 14 88.0503071033
14 6 44.1139499329
6 15 28.8789275036
15 6 20.9145163923
7 8 52.478130334
8 7 53.7481810702
7 9 78.1282498779
9 7 58.7107849064
7 10 88.6074787346
10 7 77.8787100229
7 11 94.1201283067
11 7 37.888353228
7 12 70.0399091605
12 7 39.57817431
7 13 23.7096821873
13 7 68.7284521243
7 14 81.6265618566
14 7 46.6498492198
7 15 96.2254677779
15 7 11.6242322926
8 9 98.7353005722
9 8 66.534752905
8 10 28.6549995764
10 8 96.6747883912
8 11 68.62787765
11 8 46.8642371925
8 12 55.8783815282
12 8 49.8120754573
8 13 55.9607270885
13 8 3.71210188494
8 14 48.6863855176
14 8 12.91620898
8 15 59.7173189305
15 8 65.6232840015
9 10 53.4634054604
10 9 88.3745325655
9 11 51.7870057167
11 9 7.29421581023
9 12 90.5136555484
12 9 95.5475036968
9 13 62.5411545592
13 9 57.047620785
9 14 8.44988925278
14 9 26.3533662991
9 15 98.5623903118
15 9 23.9170243673
10 11 85.5539984771
11 10 80.2470320221
10 12 99.7089353163
12 10 88.9723172127
10 13 60.5951948179
13 10 27.6315171539
10 14 95.3576368279
14 10 6.4458775648
10 15 13.8497419749
15 10 24.1070626963
11 12 45.4445833068
12 11 40.6106209508
11 13 52.4566947289
13 11 36.2025970118
11 14 18.8455594797
14 11 50.3069412829
11 15 20.5774153861
15 11 57.4812070534
12 13 44.4585324253
13 12 66.6093781913
12 14 1.57344262498
14 12 60.4157827939
12 15 62.6332125315
15 12 90.5890170805
13 14 29.2483541648
14 13 85.9776097419
13 15 37.3068781372
15 13 49.5330354281
14 15 1.34159816593
15 14 39.9618260066
