true
17
272
0 1 39.9393261995
1 0 34.6856456996
0 2 41.9227887877
2 0 86.2182117442
0 3 31.561293595
3 0 41.8943366865
0 4 9.56548736497
4 0 68.1637303044
0 5 52.9624853735
5 0 22.3209757142
0 6 62.588032262
6 0 44.7354252376
0 7 12.6604316904
7 0 86.5848815392
0 8 41.7562209697
8 0 59.0436692773
0 9 9.52433938365
9 0 70.8451733704
0 10 33.6747459719
10 0 35.8324586421
0 11 83.1490874403
11 0 16.4142041839
0 12 13.8831714223
12 0 43.9318050545
0 13 54.447246776
13 0 8.09641326621
0 14 95.4103318885
14 0 55.5346722871
0 15 29.9090909077
15 0 52.7069595957
0 16 43.6002869501
16 0 88.6032065209
1 2 61.3337623814
2 1 58.0313740498
1 3 15.0060930063
3 1 27.7482158952
1 4 4.29245917435
4 1 72.3093113028
1 5 22.8258350874
5 1 68.6992761916
1 6 38.1112202294
6 1 13.8994172722
1 7 53.0947345888
7 1 62.0116503646
1 8 5.11208209153
8 1 21.6492003313
1 9 11.4384185569
9 1 82.2393328539
1 10 89.333047134
10 1 99.2552554161
1 11 89.3305725914
11 1 39.8861414594
1 12 89.1758271615
12 1 12.3697158854
1 13 38.3392990022
13 1 59.2186698212
1 14 22.9541395284
14 1 31.7685883283
1 15 14.0365529782
15 1 99.6024915225
1 16 10.3528591173
16 1 94.7187427851
2 3 75.2175740799
3 2 1.65942541038
2 4 97.0638009657
4 2 11.2042253466
2 5 67.9258565283
5 2 79.198018608
2 6 39.5607786356
6 2 39.0937425566
2 7 1.12864420264
7 2 7.45658328208
2 8 7.39381900804
8 2 63.9690612734
2 9 14.0538102937
9 2 83.685541475
2 10 85.7610123243
10 2 30.4646110619
2 11 15.6607601524
11 2 64.6600172563
2 12 54.1080881785
12 2 84.126562108
2 13 40.0372555133
13 2 55.5330248994
2 14 35.8142385655
14 2 93.2783809508
2 15 5.65799985999
15 2 33.2366868764
2 16 70.3669264454
16 2 61.7039109927
3 4 21.5257564203
4 3 8.04253190223
3 5 61.8361311942
5 3 74.1239190366
3 6 33.685353466
6 3 59.9200218619
3 7 96.6308144175
7 3 47.8881450926
3 8 30.7784806648
8 3 98.3097444538
3 9 5.2550342838
9 3 38.5205247395
3 10 24.0767296456
10 3 80.3467567705
3 11 70.0362868589
11 3 21.6657661893
3 12 11.5753508839
12 3 34.4278167374
3 13 46.3538710813
13 3 16.7518571464
3 14 89.393648172
14 3 74.504635064
3 15 26.0954865757
15 3 5.11696190333
3 16 73.8897976147
16 3 97.3642905865
4 5 56.4473580425
5 4 69.09309961
4 6 31.9050696838
6 4 67.3225950429
4 7 33.0761486002
7 4 12.7768595256
4 8 89.6138838843
8 4 65.6734814913
4 9 19.9446593665
9 4 39.2455400512
4 10 94.0960589912
10 4 48.9140256433
4 11 49.6814696928
11 4 48.386033726
4 12 73.5487048828
12 4 57.3561313392
4 13 17.1142565142
13 4 10.3331966594
4 14 21.591766523
14 4 82.6837669557
4 15 72.7183953497
15 4 69.7360528266
4 16 99.1466116738
16 4 65.690878496
5 6 51.610307093
6 5 49.4643136508
5 7 42.6870876038
7 5 9.93207365427
5 8 33.8150648903
8 5 22.4975344512
5 9 14.7438763152
9 5 5.59713480282
5 10 38.4304605252
10 5 21.0702550202
5 11 20.602807376
11 5 58.0033610315
5 12 20.9962495653
12 5 51.0063097962
5 13 99.8641560812
13 5 57.6729224547
5 14 4.28592371246
14 5 43.162553694
5 15 15.8572847897
15 5 35.547930426
5 16 54.1765198062
16 5 56.4943999596
6 7 44.3446270395
7 6 64.2982738616
6 8 62.4902340332
8 6 43.9075233429
6 9 21.8313832211
9 6 27.3352317017
6 10 23.462635899
10 6 70.5388148306
6 11 90.7654514379
11 6 19.0548424895
6 12 8.79791776108
12 6 98.5500412223
6 13 84.6936383151
13 6 67.1672141993
6 14 69.0024579448
14 6 10.5114018377
6 15 49.683694281
15 6 14.4466720549
6 16 68.3219375705
16 6 4.42549683234
7 8 69.0756023365
8 7 22.8132737124
7 9 28.3653984749
9 7 70.6516374598
7 10 96.357853067
10 7 91.8674709394
7 11 6.09703469751
11 7 91.937163555
7 12 17.2908753995
12 7 69.4092258958
7 13 26.058584062
13 7 16.6143018534
7 14 56.0404374997
14 7 35.9738899212
7 15 9.28695514139
15 7 13.951336547
7 16 7.118607273
16 7 36.128867117
8 9 74.8260776082
9 8 96.7345419292
8 10 88.5507874965
10 8 13.4964500803
8 11 12.4369121602
11 8 36.4863274005
8 12 52.7423609357
12 8 68.4145836884
8 13 15.584355349
13 8 14.0835047947
8 14 4.25311378369
14 8 62.6170086893
8 15 2.17324002921
15 8 75.8929226157
8 16 83.0407048389
16 8 82.2514216183
9 10 42.7394149326
10 9 28.7143235116
9 11 62.2082410425
11 9 43.6734585059
9 12 27.6220678746
12 9 30.638036844
9 13 60.5069018705
13 9 23.2973348272
9 14 96.2330699832
14 9 56.7182964525
9 15 93.7965418838
15 9 81.5856284769
9 16 2.51798727432
16 9 18.3283955974
10 11 68.7821846704
11 10 80.8838747915
10 12 32.1792991714
12 10 96.1355799862
10 13 38.97971804
13 10 4.17262643851
10 14 95.3359500024
14 10 34.0583269488
10 15 36.1393143318
15 10 32.8475307137
10 16 13.942678229
16 10 63.599220382
11 12 81.9221309021
12 11 52.2246532688
11 13 19.8726942909
13 11 90.0709938642
11 14 50.7603395508
14 11 19.2352955533
11 15 5.18838761502
15 11 51.3494772763
11 16 75.8567726927
16 11 28.2401906462
12 13 90.6684554486
13 12 35.3276381675
12 14 70.4552881065
14 12 35.5714235244
12 15 61.7601977732
15 12 58.9330585854
12 16 7.60393747012
16 12 97.4939730128
13 14 20.3123133861
14 13 56.6466565275
13 15 31.0857108494
15 13 1.30179951246
13 16 40.9391160906
16 13 28.3227316168
14 15 9.87524107854
15 14 57.8485612541
14 16 55.971791119
16 14 31.0247954289
15 16 10.6745738952
16 15 19.5249252348
