true
18
306
0 1 53.5638570012
1 0 70.3372636001
0 2 87.5734224372
2 0 78.7734855026
0 3 5.36907547611
3 0 16.42433053
0 4 2.50437968928
4 0 64.1224519145
0 5 96.4307398599
5 0 54.8775963304
0 6 6.56822808277
6 0 22.5090120619
0 7 21.0473842065
7 0 96.1579418158
0 8 15.8788552465
8 0 67.3878467372
0 9 78.1072714873
9 0 60.3403961831
0 10 18.6123094017
10 0 59.9937825944
0 11 16.9510169637
11 0 17.3268851673
0 12 56.528214091
12 0 53.3328906744
0 13 51.5693204894
13 0 91.3188511062
0 14 49.7144129732
14 0 17.9145418734
0 15 34.9308724091
15 0 36.0436054491
0 16 42.0304469501
16 0 20.7310220997
0 17 70.3455633856
17 0 38.4224221752
1 2 38.8559756721
2 1 15.3648141464
1 3 36.6679897075
3 1 57.5637739857
1 4 99.1191153336
4 1 32.5650651187
1 5 80.5260902732
5 1 40.7549167357
1 6 43.893950461
6 1 25.3248948266
1 7 68.2330561033
7 1 35.1403595393
1 8 38.899267411
8 1 53.1338108672
1 9 61.9173783677
9 1 70.1592565419
1 10 60.1111442976
10 1 76.7413008499
1 11 22.3847956571
11 1 57.3100282919
1 12 85.2321588551
12 1 71.7797954143
1 13 58.1687202572
13 1 5.36530874775
1 14 33.9406857072
14 1 49.4118411405
1 15 27.9275748682
15 1 8.14739289497
1 16 38.7404544553
16 1 1.08534660797
1 17 40.7273597513
17 1 26.8005734251
2 3 58.5621116672
3 2 84.5045372527
2 4 2.27855467988
4 2 74.8844138454
2 5 66.1586312319
5 2 91.4595913122
2 6 9.2626562973
6 2 32.4835916005
2 7 88.8920282317
7 2 54.8886487686
2 8 35.2601006816
8 2 8.02973577444
2 9 77.4190100904
9 2 22.7163430114
2 10 80.8217629531
10 2 33.1517365218
2 11 43.2105629899
11 2 70.3117459112
2 12 25.2329111579
12 2 32.8324652092
2 13 55.8461185359
13 2 36.1722724165
2 14 57.273823283
14 2 34.6369108592
2 15 48.688089141
15 2 38.9992529281
2 16 24.8509455482
16 2 85.9508093264
2 17 51.3372053161
17 2 14.603424882
3 4 70.3733069855
4 3 6.73748771188
3 5 22.2269615054
5 3 62.9107822911
3 6 87.9113518141
6 3 41.0354198112
3 7 65.3539958251
7 3 34.3198521641
3 8 99.3822889982
8 3 26.2468415358
3 9 92.3995165831
9 3 74.1699492909
3 10 35.8025731504
10 3 32.8182207544
3 11 13.9682477698
11 3 90.2469343027
3 12 15.5984555986
12 3 63.4898882353
3 13 69.1645381426
13 3 18.1470438144
3 14 63.6924075407
14 3 73.0422391394
3 15 16.8380370878
15 3 24.7312666315
3 16 27.4124633575
16 3 81.8057821907
3 17 10.7139657053
17 3 65.8599653949
4 5 93.2335770937
5 4 1.49156994732
4 6 65.0219122854
6 4 8.10920767413
4 7 62.4966686354
7 4 42.9413544906
4 8 89.5886364529
8 4 66.6405811354
4 9 98.7991397063
9 4 93.3851881689
4 10 4.48404088624
10 4 56.5163185969
4 11 7.86325353613
11 4 44.0523614001
4 12 29.4189837806
12 4 32.3124629143
4 13 6.70640714088
13 4 80.734372402
4 14 30.5894208882
14 4 35.2477999289
4 15 31.9408902121
15 4 17.8913503918
4 16 78.6677104266
16 4 30.4472388763
4 17 9.67861365504
17 4 99.6579694337
5 6 38.7628864574
6 5 37.3261096111
5 7 15.1554568976
7 5 53.6558191253
5 8 42.1031047061
8 5 7.64070526625
5 9 86.1966435857
9 5 45.9095378663
5 10 28.2913583101
10 5 28.8499184332
5 11 33.1126738496
11 5 82.3796094817
5 12 83.2729206134
12 5 42.0719527003
5 13 18.7478857904
13 5 5.00835100545
5 14 7.93614824062
14 5 47.1983068906
5 15 57.6432812596
15 5 86.7139657729
5 16 19.5753326651
16 5 82.3046124104
5 17 33.6365974693
17 5 58.7793490153
6 7 67.0848262844
7 6 16.981509233
6 8 90.7693800813
8 6 49.1050844978
6 9 32.5654028582
9 6 78.2547037661
6 10 99.1141756187
10 6 95.1215448648
6 11 57.516419825
11 6 48.565477571
6 12 24.8028391165
12 6 66.7740214829
6 13 7.06549414349
13 6 74.2623508095
6 14 69.5848225109
14 6 16.6915980157
6 15 25.4788363224
15 6 37.7389670511
6 16 60.8115201688
16 6 38.7103858475
6 17 31.4405077789
17 6 59.6217950658
7 8 66.0697021198
8 7 71.4523849325
7 9 30.2747753204
9 7 57.9850711131
7 10 95.913503251
10 7 81.7378421081
7 11 83.700758531
11 7 28.9257870237
7 12 94.5431547216
12 7 94.9413108902
7 13 33.3854112038
13 7 96.7451497272
7 14 14.8967385623
14 7 58.996829835
7 15 33.642543512
15 7 95.9923276116
7 16 55.6792217063
16 7 51.2741195109
7 17 19.0477650185
17 7 2.2479666733
8 9 25.0478554056
9 8 81.1946616287
8 10 84.9310184717
10 8 45.4925247534
8 11 60.4140491577
11 8 1.20715189787
8 12 68.6546875323
12 8 48.4004904404
8 13 33.063970551
13 8 10.5009742912
8 14 82.1531591894
14 8 30.2780943912
8 15 33.5253743827
15 8 30.8420246381
8 16 99.6282816356
16 8 50.3893618519
8 17 34.537556448
17 8 41.3510217314
9 10 82.3809726074
10 9 4.77224392059
9 11 18.9601446821
11 9 3.74123751368
9 12 21.0517122044
12 9 22.9559352045
9 13 32.6095573361
13 9 4.38869849803
9 14 38.7516892006
14 9 17.7022702477
9 15 12.3742448685
15 9 80.3697595542
9 16 7.78456184676
16 9 30.9373331655
9 17 27.4522525609
17 9 69.9865694675
10 11 44.8544220547
11 10 3.27756652001
10 12 71.2112611242
12 10 20.5389019125
10 13 67.0332469621
13 10 57.4957725859
10 14 5.94839019273
14 10 33.4035420598
10 15 34.4500231865
15 10 96.4109326841
10 16 64.1117371769
16 10 50.0931199649
10 17 33.6700327563
17 10 39.89058077
11 12 7.93408724312
12 11 58.5583219268
11 13 58.7164730219
13 11 3.77237594802
11 14 39.3111684124
14 11 84.0918809521
11 15 38.0683542455
15 11 41.8598466947
11 16 13.7572254222
16 11 55.2468718974
11 17 33.4929105169
17 11 8.77877394146
12 13 86.3190125465
13 12 22.5918221111
12 14 23.6692152078
14 12 21.8985143699
12 15 54.8063371402
15 12 70.1512970647
12 16 87.5325510633
16 12 60.5189769909
12 17 90.9632927372
17 12 1.73948410381
13 14 98.5510894907
14 13 94.3542460801
13 15 94.4369332997
15 13 58.9466788888
13 16 91.3394138514
16 13 87.7568427454
13 17 63.7215439361
17 13 24.4134241346
14 15 24.5251630103
15 14 33.0892291927
14 16 26.6470935865
16 14 65.3612551542
14 17 65.7435506421
17 14 73.2647141248
15 16 60.6629560524
16 15 59.2720775182
15 17 35.4950583973
17 15 12.2923127051
16 17 96.982268302
17 16 94.6394935187
