true
19
342
0 1 29.2422132272
1 0 38.6448830791
0 2 67.6936463568
2 0 37.6670655204
0 3 71.9777137646
3 0 17.1929191057
0 4 44.5406418727
4 0 65.7379103578
0 5 12.118501266
5 0 40.0998672509
0 6 52.3702706464
6 0 16.7258599517
0 7 73.5695783235
7 0 59.510214383
0 8 2.44025064193
8 0 79.7660910172
0 9 5.60771252455
9 0 75.5261259012
0 10 94.3690422001
10 0 6.79982880728
0 11 75.9012157101
11 0 98.3129044113
0 12 29.4987632474
12 0 73.7529774806
0 13 98.9314652067
13 0 74.4183050174
0 14 71.5201189877
14 0 60.7176091719
0 15 73.6221889592
15 0 28.4334937935
0 16 49.0290848235
16 0 19.9698300429
0 17 6.80862326488
17 0 59.5832996118
0 18 41.0989761959
18 0 27.2429506089
1 2 33.8023533135
2 1 56.8041876598
1 3 49.5974559581
3 1 79.1154342955
1 4 30.1702406057
4 1 62.8833020151
1 5 6.80783983551
5 1 26.2445086659
1 6 71.9783256977
6 1 38.0575412145
1 7 78.0486290386
7 1 95.656899832
1 8 83.3943852839
8 1 87.4140825325
1 9 20.0879196957
9 1 94.8508406448
1 10 66.093263824
10 1 70.0771259785
1 11 28.393315471
11 1 19.9108244051
1 12 49.6622946984
12 1 33.2905406152
1 13 51.8425608002
13 1 17.5907955862
1 14 42.7577268831
14 1 45.1870690086
1 15 98.1018366708
15 1 5.22757099333
1 16 8.3003979056
16 1 56.4438614129
1 17 79.928663592
17 1 68.059776157
1 18 87.0606023778
18 1 92.7209028699
2 3 42.9930892527
3 2 85.6686306627
2 4 43.1215376798
4 2 19.3091216403
2 5 22.0991753048
5 2 44.9792614714
2 6 46.1889029573
6 2 4.27905110244
2 7 65.6405127444
7 2 66.8982933102
2 8 75.1203355572
8 2 60.6127540434
2 9 8.99373640534
9 2 21.5509051745
2 10 3.11959848504
10 2 13.8514594515
2 11 19.4381902
11 2 78.6307475417
2 12 32.9426758592
12 2 96.6789874539
2 13 39.5016900945
13 2 72.1940720735
2 14 74.1017988281
14 2 78.3186691621
2 15 69.1580544359
15 2 82.0597061657
2 16 27.6485325142
16 2 63.8723653176
2 17 19.6562782163
17 2 22.2254073637
2 18 92.1106192281
18 2 44.3224942546
3 4 26.6975888166
4 3 45.225627847
3 5 32.7728792776
5 3 41.1531478641
3 6 3.08472900536
6 3 75.3917053761
3 7 78.0380383009
7 3 73.7520241011
3 8 92.5352866455
8 3 94.9343330804
3 9 26.0915807026
9 3 23.9469713778
3 10 84.5591392189
10 3 47.4148506457
3 11 87.1286695373
11 3 88.9079845746
3 12 99.8264967507
12 3 23.2883340038
3 13 85.1001571847
13 3 4.685923878
3 14 78.2082904593
14 3 50.6994684466
3 15 11.0012044929
15 3 18.4930884284
3 16 35.6673333698
16 3 44.4177478009
3 17 6.82488590028
17 3 47.0143563052
3 18 53.7730160258
18 3 89.0209424231
4 5 57.6888061804
5 4 17.108591656
4 6 19.8289384214
6 4 59.0657518424
4 7 90.2252835454
7 4 12.0082983592
4 8 32.0028829965
8 4 1.51426226776
4 9 75.1573958767
9 4 41.2071933966
4 10 43.8808895815
10 4 46.6831792072
4 11 85.7396950427
11 4 14.0271895241
4 12 17.2540541262
12 4 98.7821256286
4 13 43.1962498953
13 4 7.21208204888
4 14 29.1375912421
14 4 13.4468015918
4 15 65.5784693496
15 4 89.7558157158
4 16 96.4472334779
16 4 23.4679551687
4 17 43.3383228639
17 4 55.8224577637
4 18 70.0996421472
18 4 15.3973122646
5 6 97.542398781
6 5 70.4681359148
5 7 49.9559673052
7 5 36.2121968988
5 8 11.7986189022
8 5 29.3132004204
5 9 55.126760589
9 5 87.1081052928
5 10 24.5674948306
10 5 56.0893936593
5 11 20.4719459381
11 5 3.59138807829
5 12 10.6150725392
12 5 54.2750947326
5 13 85.443091387
13 5 12.4218988299
5 14 19.251032345
14 5 35.6738838258
5 15 85.053418926
15 5 3.05999027138
5 16 12.9458357698
16 5 97.6466596383
5 17 55.9184677276
17 5 13.200172552
5 18 96.3734344113
18 5 79.1681194703
6 7 50.9407203622
7 6 40.3516714716
6 8 44.4266856502
8 6 76.6298798912
6 9 73.4651712981
9 6 94.7764125449
6 10 4.98282868155
10 6 19.8575341943
6 11 12.0677949842
11 6 95.595050571
6 12 45.3053453806
12 6 87.662300443
6 13 78.2677131306
13 6 67.5470968757
6 14 47.7990123163
14 6 24.6200028791
6 15 38.5152359453
15 6 97.5854654805
6 16 5.84841344528
16 6 97.2232295056
6 17 26.6508598532
17 6 19.8030483149
6 18 80.5121481811
18 6 71.7667161831
7 8 31.751238217
8 7 40.0865175316
7 9 41.5772756043
9 7 31.4347168694
7 10 8.23108351389
10 7 6.38585020598
7 11 66.145127078
11 7 20.105265037
7 12 58.9155640805
12 7 97.0285738301
7 13 54.343414831
13 7 95.415603095
7 14 46.9657067656
14 7 41.1311261154
7 15 28.6664953501
15 7 14.3066439818
7 16 70.5442844109
16 7 86.7509816201
7 17 31.7207406197
17 7 89.3712998732
7 18 93.2026241137
18 7 56.4636559226
8 9 70.1430763415
9 8 22.2874687358
8 10 27.5216876388
10 8 90.7578662612
8 11 19.7419996981
11 8 89.0480128413
8 12 26.5596132676
12 8 40.0420556946
8 13 17.597098451
13 8 30.368572882
8 14 42.1246117066
14 8 2.64295346245
8 15 25.3602695329
15 8 28.2806900567
8 16 32.9678552184
16 8 44.6097280791
8 17 58.4978401416
17 8 81.1528684175
8 18 24.0664671524
18 8 47.6018028798
9 10 98.3244046264
10 9 9.78284394893
9 11 23.0393934242
11 9 44.5799035739
9 12 67.0946378598
12 9 15.7101856425
9 13 3.49264842967
13 9 5.15241758431
9 14 3.04164615477
14 9 40.8672239926
9 15 82.9412414132
15 9 6.7594068905
9 16 97.3247100387
16 9 55.1271282263
9 17 35.906923184
17 9 44.4493778811
9 18 97.1171482486
18 9 40.3854377553
10 11 44.6202602834
11 10 91.057265167
10 12 67.3655613477
12 10 73.8567580613
10 13 18.9461753178
13 10 99.7212548161
10 14 67.3267007049
14 10 95.9212979537
10 15 60.1950624416
15 10 70.3619837284
10 16 33.4516376569
16 10 63.5916652955
10 17 31.836843108
17 10 45.1065108902
10 18 23.6118476536
18 10 73.7620156289
11 12 89.0831742756
12 11 24.9503835634
11 13 29.6636156599
13 11 49.7823349967
11 14 41.2128549696
14 11 24.3273229514
11 15 90.0418032319
15 11 34.6047715077
11 16 82.056304986
16 11 2.37015705637
11 17 46.1311350363
17 11 39.4953535555
11 18 95.3448509077
18 11 64.6279643611
12 13 47.9099389243
13 12 59.0155140575
12 14 39.0980644401
14 12 71.0311328407
12 15 85.5755925789
15 12 14.2942967875
12 16 92.0661302073
16 12 61.2329192789
12 17 60.7495647619
17 12 72.3851181946
12 18 40.6912539684
18 12 79.4315292192
13 14 25.0458587835
14 13 86.4763920787
13 15 52.1448499647
15 13 50.8050241071
13 16 78.7276698614
16 13 54.2091024959
13 17 81.8431975884
17 13 33.197017351
13 18 96.0636290787
18 13 31.5804907564
14 15 18.3145236033
15 14 91.1427138586
14 16 35.3075388956
16 14 5.65845135928
14 17 33.1233644325
17 14 95.7637038707
14 18 18.876150846
18 14 70.1294839942
15 16 29.0145563416
16 15 32.1575542725
15 17 40.1767091644
17 15 72.8672850166
15 18 75.1174913094
18 15 15.436708036
16 17 39.6317840392
17 16 96.1993610547
16 18 75.107795213
18 16 96.9324617883
17 18 80.5077541423
18 17 54.7415014502
