20
380
0 0 0.0
0 1 68.4389834694
0 2 21.6576603858
0 3 52.8456230373
0 4 16.7769871525
0 5 67.4336090466
0 6 76.7988906192
0 7 17.4831681153
0 8 45.5616049277
0 9 73.7956234015
0 10 95.4993229836
0 11 7.7145690378
0 12 73.7905750198
0 13 7.98832994515
0 14 35.5838704648
0 15 10.3581537507
0 16 91.5869977935
0 17 1.7408693399
0 18 12.8950129628
0 19 63.9193135539
1 0 95.4418228875
1 1 0.0
1 2 81.9054913802
1 3 59.312772283
1 4 51.7178128219
1 5 73.5323347976
1 6 23.1125884983
1 7 89.5896906913
1 8 79.7884338999
1 9 62.6167504724
1 10 55.1012263464
1 11 59.6917910531
1 12 95.3840456783
1 13 71.2737721975
1 14 67.5343428463
1 15 53.701054303
1 16 83.7633725407
1 17 12.251086478
1 18 45.0815021356
1 19 4.52012931282
2 0 59.2152865004
2 1 37.7893954712
2 2 0.0
2 3 37.3572187721
2 4 50.7526020022
2 5 59.6956126295
2 6 72.4598656636
2 7 99.9628278951
2 8 8.45253434481
2 9 77.2946885087
2 10 71.1752560223
2 11 72.3639018586
2 12 3.79349983647
2 13 58.7720360808
2 14 16.9636390313
2 15 37.5138486454
2 16 95.641077459
2 17 90.1287586566
2 18 96.6390662726
2 19 46.4679633984
3 0 75.9960310357
3 1 83.2631297331
3 2 24.6289780467
3 3 0.0
3 4 48.3918795551
3 5 49.4324581158
3 6 98.391877081
3 7 25.7718086637
3 8 52.8286333163
3 9 94.9126713274
3 10 21.2930850429
3 11 4.98200131171
3 12 5.04190412566
3 13 55.9916119304
3 14 98.3001689281
3 15 99.4737003782
3 16 17.0445955781
3 17 75.1365563758
3 18 29.1128301756
3 19 90.3052145198
4 0 84.4589592358
4 1 48.2348708653
4 2 35.7031584147
4 3 83.4728379722
4 4 0.0
4 5 74.7830132694
4 6 30.096704149
4 7 50.1577393148
4 8 65.8101664317
4 9 70.4890929291
4 10 15.0531512859
4 11 30.0848560543
4 12 3.53615040452
4 13 69.5400557629
4 14 36.0048971982
4 15 98.3490579737
4 16 3.84614987963
4 17 69.9361577596
4 18 16.7063158942
4 19 69.4616708232
5 0 81.2291725065
5 1 3.62923997477
5 2 44.4567751015
5 3 32.8458341894
5 4 2.21937847016
5 5 0.0
5 6 7.40659601241
5 7 83.9975504141
5 8 60.1690689141
5 9 86.4618782528
5 10 22.1788665756
5 11 50.4502670909
5 12 39.4424607655
5 13 49.8117052603
5 14 54.7812152831
5 15 95.2640271997
5 16 89.0201653782
5 17 6.10193653686
5 18 24.4570712155
5 19 44.3925016146
6 0 90.1534183847
6 1 51.0078365103
6 2 78.3655965873
6 3 29.9009465484
6 4 34.7938350308
6 5 96.8283012294
6 6 0.0
6 7 64.1594277612
6 8 8.24553034047
6 9 48.5618848203
6 10 7.33854429545
6 11 97.6719053551
6 12 77.7079397427
6 13 73.2014920572
6 14 7.40784798812
6 15 69.6558004859
6 16 63.9667027897
6 17 58.0731661991
6 18 11.4820345316
6 19 78.0851250862
7 0 17.9973883401
7 1 45.9412860093
7 2 74.3137596689
7 3 66.1438159653
7 4 38.2589187265
7 5 25.9569273484
7 6 81.0478960799
7 7 0.0
7 8 17.0619835174
7 9 86.8470256188
7 10 92.2890725875
7 11 81.9428786499
7 12 32.0543974392
7 13 46.9900737354
7 14 24.4960568329
7 15 88.8195808863
7 16 81.7917844583
7 17 8.58092425381
7 18 20.699331917
7 19 72.2442731474
8 0 61.0093809288
8 1 21.8433567867
8 2 46.5033394932
8 3 29.4218099621
8 4 28.0523916064
8 5 95.6955943893
8 6 98.4556920319
8 7 46.8327741281
8 8 0.0
8 9 29.9087061289
8 10 92.111511659
8 11 10.1220628968
8 12 37.2435393078
8 13 82.7729469227
8 14 47.2104908007
8 15 36.4528992687
8 16 86.9161731513
8 17 29.1918806676
8 18 83.3350834147
8 19 82.9127745189
9 0 43.8407980805
9 1 33.6220833805
9 2 24.6486179645
9 3 34.5223584926
9 4 1.56350514563
9 5 37.9763333037
9 6 74.2079792754
9 7 12.8461216589
9 8 11.282902587
9 9 0.0
9 10 49.5098864398
9 11 84.6917305255
9 12 57.4818253321
9 13 18.9034934959
9 14 6.27518029914
9 15 49.5719305252
9 16 22.4292408763
9 17 79.2263628354
9 18 78.0114105686
9 19 74.9899267283
10 0 8.28386778775
10 1 22.5701853703
10 2 93.6871098963
10 3 47.2498497713
10 4 77.6407139643
10 5 96.4142121613
10 6 55.7204968045
10 7 85.8779945073
10 8 17.4488269272
10 9 69.3672815682
10 10 0.0
10 11 2.60655270231
10 12 68.397736489
10 13 86.3117197828
10 14 56.6706427863
10 15 21.9145913635
10 16 54.9046882311
10 17 3.94527146761
10 18 75.4672920219
10 19 75.7873439397
11 0 83.1346904598
11 1 64.995187742
11 2 89.7162406937
11 3 50.7876239204
11 4 49.69184389
11 5 81.7891127287
11 6 20.1392809196
11 7 21.5426455895
11 8 96.4277488915
11 9 45.0007871241
11 10 19.2850572303
11 11 0.0
11 12 92.1924137831
11 13 43.4633932867
11 14 94.8874688684
11 15 5.73610708512
11 16 45.2445660968
11 17 51.1304295721
11 18 1.06307383204
11 19 50.7049532264
12 0 56.4491547685
12 1 7.24049351535
12 2 52.0174950217
12 3 4.16822131882
12 4 31.6202567703
12 5 98.0577534344
12 6 56.9022583518
12 7 57.3274469338
12 8 52.1282196294
12 9 55.0695241251
12 10 81.7828812617
12 11 93.4513000925
12 12 0.0
12 13 77.1162457038
12 14 26.1041066022
12 15 20.0860664279
12 16 39.6580984395
12 17 48.8839145352
12 18 91.6867984979
12 19 3.52257906991
13 0 3.80697732596
13 1 6.73761904008
13 2 65.5355889713
13 3 88.0653629095
13 4 49.3831875825
13 5 57.4342730263
13 6 34.1137596322
13 7 46.0820455386
13 8 11.5881249837
13 9 6.11048252184
13 10 73.6568671017
13 11 21.7021602973
13 12 26.7079742247
13 13 0.0
13 14 28.8483936024
13 15 48.1570367102
13 16 84.6866733802
13 17 10.7673594874
13 18 40.4745169139
13 19 51.0415558043
14 0 84.3687630982
14 1 51.8364386768
14 2 2.86863474291
14 3 13.872058139
14 4 31.7790485729
14 5 22.8870493995
14 6 29.5225416473
14 7 80.8425921249
14 8 54.8898542236
14 9 42.2063617589
14 10 52.3582310173
14 11 32.5170633068
14 12 64.9568213303
14 13 44.982961514
14 14 0.0
14 15 3.90164917194
14 16 20.3271476615
14 17 30.4426156163
14 18 24.5630609932
14 19 77.64602412
15 0 6.27383289049
15 1 27.2740392273
15 2 92.0527288291
15 3 89.0084051358
15 4 35.7355714405
15 5 35.9947848571
15 6 80.9223020502
15 7 68.756786002
15 8 3.24162047466
15 9 2.57227632635
15 10 24.9499398983
15 11 46.8250600398
15 12 18.613188378
15 13 39.9283691233
15 14 23.4755506422
15 15 0.0
15 16 32.5539636842
15 17 85.2141688164
15 18 90.8532265261
15 19 25.6829506418
16 0 96.7853676312
16 1 42.1417670143
16 2 33.6193213572
16 3 22.6040879224
16 4 44.6356729098
16 5 46.4983215485
16 6 68.531307089
16 7 75.0828069079
16 8 93.3571587176
16 9 24.794019208
16 10 88.9955515243
16 11 57.5027245345
16 12 70.6663585728
16 13 6.55521140942
16 14 95.6729479387
16 15 11.3209514984
16 16 0.0
16 17 88.0875465324
16 18 83.494232791
16 19 36.9615540328
17 0 14.6555745818
17 1 77.0506603785
17 2 59.8282486794
17 3 99.7643134635
17 4 73.7536634217
17 5 59.5410155169
17 6 15.060494477
17 7 19.2058873574
17 8 55.370558211
17 9 39.6097096131
17 10 83.1315182409
17 11 51.4680071691
17 12 84.9283904818
17 13 16.1267085907
17 14 42.2618736396
17 15 71.6518979605
17 16 83.5382300627
17 17 0.0
17 18 1.4537146823
17 19 95.3698929666
18 0 54.1673787332
18 1 2.49903941147
18 2 5.35251606451
18 3 35.6764135716
18 4 91.5654717664
18 5 82.4877894206
18 6 15.470038079
18 7 14.5047101231
18 8 84.1298996728
18 9 30.6077396292
18 10 17.6325263502
18 11 81.5121283077
18 12 67.672990029
18 13 4.6535204174
18 14 3.7707645402
18 15 43.4413431092
18 16 84.1542514328
18 17 74.1578948291
18 18 0.0
18 19 87.5039269057
19 0 75.055327054
19 1 60.4525565381
19 2 52.8036355397
19 3 40.2687077537
19 4 6.8172580474
19 5 43.2294182964
19 6 72.0029412518
19 7 48.1008144192
19 8 67.7503621208
19 9 85.3773203298
19 10 76.2945543779
19 11 61.7195844626
19 12 98.9459111695
19 13 5.39879964841
19 14 23.7513735038
19 15 63.9683701848
19 16 51.8518813325
19 17 31.6231605671
19 18 70.09110952
19 19 0.0