true
21
420
0 1 51.1863725407
1 0 26.4761270873
0 2 21.6649482989
2 0 5.76358255972
0 3 54.4519959455
3 0 8.12486474674
0 4 35.7637169022
4 0 99.4400380407
0 5 68.1182901669
5 0 7.92416888142
0 6 52.4798391722
6 0 99.3734975954
0 7 52.265641965
7 0 18.1158588346
0 8 9.4457430861
8 0 69.5330741238
0 9 53.7794827606
9 0 34.8566552953
0 10 20.8516243636
10 0 18.872836518
0 11 31.0206576617
11 0 47.1129937194
0 12 34.5461228449
12 0 75.8691004214
0 13 95.0431520045
13 0 68.1545682262
0 14 15.8014183652
14 0 6.56734456039
0 15 88.9822180219
15 0 19.323609311
0 16 56.2531369613
16 0 26.8976760057
0 17 88.0436706707
17 0 32.7963694204
0 18 70.4663260187
18 0 15.1795408255
0 19 86.4515983516
19 0 22.5271788878
0 20 17.0055884447
20 0 80.7080144465
1 2 3.18991977993
2 1 9.68719944377
1 3 54.4315226133
3 1 78.7646389069
1 4 64.6085977045
4 1 20.1524277751
1 5 31.3925098202
5 1 82.5618794619
1 6 67.4203406946
6 1 90.129682999
1 7 99.2429207232
7 1 5.61090185631
1 8 67.8158351449
8 1 52.6798121202
1 9 78.4084973442
9 1 48.3495769121
1 10 12.4561461733
10 1 76.941398404
1 11 83.9343547632
11 1 99.7035291525
1 12 29.639681081
12 1 65.2974548531
1 13 7.67331680544
13 1 52.4178178201
1 14 28.5103137077
14 1 63.3178018534
1 15 45.3880387617
15 1 13.4001520606
1 16 55.1049802353
16 1 69.5163499445
1 17 60.1705291771
17 1 64.0615933517
1 18 2.68031946842
18 1 3.64980356283
1 19 50.7350979252
19 1 63.441396225
1 20 76.2761089212
20 1 75.5563898359
2 3 96.2627139898
3 2 31.6100183337
2 4 1.98679032075
4 2 69.9775897373
2 5 89.4858234056
5 2 39.1955922532
2 6 14.9172463749
6 2 52.6805273991
2 7 19.9893655715
7 2 76.965830764
2 8 65.9379715321
8 2 93.3662035018
2 9 61.9583919168
9 2 97.7314568539
2 10 47.2472400724
10 2 47.5684804445
2 11 18.193489496
11 2 42.5266004689
2 12 34.8847346356
12 2 56.3868188749
2 13 91.6153461694
13 2 92.6237748886
2 14 7.13343629779
14 2 80.6027149648
2 15 98.6652253518
15 2 5.18561589248
2 16 81.216067938
16 2 97.3303430849
2 17 93.457573109
17 2 22.5346805218
2 18 6.30552557742
18 2 70.8402206721
2 19 73.3781107954
19 2 97.8743610008
2 20 53.0186749223
20 2 28.3614195296
3 4 25.7291359364
4 3 64.729943039
3 5 89.7719851319
5 3 14.6742634321
3 6 54.2526874131
6 3 24.5928795383
3 7 39.2787191685
7 3 42.8310415863
3 8 36.7927369479
8 3 27.6629977026
3 9 16.2765285484
9 3 18.5820458356
3 10 60.2244307457
10 3 94.4990096465
3 11 31.7812690073
11 3 68.9627174427
3 12 82.650080909
12 3 42.3717034542
3 13 74.0125875036
13 3 49.2242872792
3 14 75.74012443
14 3 42.7434892646
3 15 79.9308570051
15 3 35.5578456256
3 16 67.5408560714
16 3 94.9909193502
3 17 72.6596821724
17 3 26.9268161719
3 18 48.3779162005
18 3 29.282132497
3 19 25.6521530494
19 3 48.8311443407
3 20 8.29269544775
20 3 48.2151655342
4 5 64.6408175759
5 4 11.5925795121
4 6 9.52730414101
6 4 48.8453247304
4 7 43.1850336251
7 4 84.3566379874
4 8 72.8604150205
8 4 73.4820324193
4 9 66.0254568036
9 4 28.3851700566
4 10 50.1335902128
10 4 27.5734560254
4 11 93.3349448606
11 4 75.5544624274
4 12 99.8324935755
12 4 68.2780001284
4 13 82.9850041854
13 4 39.0331550292
4 14 14.6164560427
14 4 93.211603488
4 15 6.16765693332
15 4 10.9458769881
4 16 23.8621369336
16 4 75.405485642
4 17 30.1311123005
17 4 68.1634674677
4 18 39.6942739667
18 4 75.3373213301
4 19 53.0840784309
19 4 33.1280802515
4 20 63.5224829408
20 4 26.6374517043
5 6 94.1598813759
6 5 94.4275596014
5 7 37.7014249257
7 5 60.6326307469
5 8 66.7753465383
8 5 89.7085834709
5 9 79.8550036532
9 5 13.7984321031
5 10 4.24797035515
10 5 27.6802488425
5 11 74.5341968041
11 5 78.147657633
5 12 87.1483409086
12 5 11.9217650513
5 13 8.89114563189
13 5 80.5827117261
5 14 45.1095971076
14 5 7.25172419373
5 15 23.0421742661
15 5 90.4967475682
5 16 36.9248482947
16 5 65.4794412
5 17 82.5931592045
17 5 21.5289206322
5 18 23.7387924046
18 5 99.6324130305
5 19 29.9737375459
19 5 78.6159555979
5 20 24.4641924266
20 5 43.3523245182
6 7 57.2240398856
7 6 81.9146810771
6 8 28.6545385685
8 6 61.3717678529
6 9 42.0838968613
9 6 79.5833984105
6 10 90.0875192286
10 6 79.7610352067
6 11 13.5964028047
11 6 40.5095194382
6 12 55.0883302619
12 6 82.7708645782
6 13 61.4620298255
13 6 34.2765374747
6 14 11.0691143924
14 6 65.2681645678
6 15 48.8770482603
15 6 77.115871321
6 16 45.273784464
16 6 13.7449434889
6 17 84.6591731941
17 6 69.8041884584
6 18 3.78539293395
18 6 66.3458523581
6 19 94.5681515593
19 6 27.1541736127
6 20 14.8588443671
20 6 99.6197110556
7 8 23.2026878278
8 7 88.6244354343
7 9 13.4965929123
9 7 26.9442751611
7 10 89.3372663577
10 7 24.6981748129
7 11 89.1619239379
11 7 26.4259375918
7 12 41.7188410328
12 7 28.1794145278
7 13 24.741550849
13 7 72.7068306689
7 14 18.7670582104
14 7 25.0069024266
7 15 10.0432597057
15 7 75.9741571138
7 16 78.6010421341
16 7 60.6726958805
7 17 25.9115876773
17 7 26.0813029497
7 18 54.400755334
18 7 53.0811700518
7 19 13.4170172257
19 7 97.3140426756
7 20 51.2007244328
20 7 17.6420500115
8 9 38.826199362
9 8 72.5245338936
8 10 18.7788788257
10 8 27.8881262343
8 11 35.7109758682
11 8 6.1724220931
8 12 48.1115970771
12 8 65.6707404477
8 13 66.743211506
13 8 26.5691092859
8 14 99.9180085607
14 8 80.2559353414
8 15 3.15091511765
15 8 15.2608669313
8 16 59.0017714825
16 8 43.7971328995
8 17 10.4103227815
17 8 44.0804526077
8 18 13.4349628232
18 8 56.291387298
8 19 30.7198776619
19 8 92.0663453313
8 20 86.6479743459
20 8 9.68023776116
9 10 20.3513989502
10 9 78.1532201631
9 11 57.0425586829
11 9 4.07276741087
9 12 23.2810060622
12 9 91.1828629257
9 13 97.8730055508
13 9 19.9678205248
9 14 61.5830786171
14 9 27.6877309652
9 15 4.61750989417
15 9 99.6551067588
9 16 85.7863318664
16 9 13.756154698
9 17 29.6390764715
17 9 94.7090038833
9 18 70.0022619306
18 9 71.6122926561
9 19 25.7874765738
19 9 5.38458194489
9 20 63.0412210747
20 9 29.4412381873
10 11 7.01602900387
11 10 71.5271562417
10 12 68.5109422713
12 10 82.6059444471
10 13 99.8879565637
13 10 39.957353979
10 14 98.780566097
14 10 66.7874019029
10 15 32.1626078454
15 10 61.1351116792
10 16 36.3636560434
16 10 14.8441817402
10 17 68.5117069639
17 10 67.5893606031
10 18 61.4165973163
18 10 29.6977427158
10 19 8.85101791071
19 10 87.2128565448
10 20 82.8982597254
20 10 74.7115348369
11 12 77.1071310588
12 11 54.1013975613
11 13 95.3628597013
13 11 54.653323827
11 14 76.5301005365
14 11 23.9678315939
11 15 94.7379306907
15 11 10.8960426169
11 16 63.1929011437
16 11 94.2984330825
11 17 79.3664501763
17 11 64.0434633268
11 18 53.3787895767
18 11 29.2920102823
11 19 99.9364198965
19 11 3.95212027908
11 20 92.4101859141
20 11 10.652048381
12 13 40.8957380433
13 12 78.2135845313
12 14 21.2708924237
14 12 33.0334545337
12 15 4.24513533333
15 12 29.6020282578
12 16 22.3104133718
16 12 78.8546463313
12 17 53.1306613804
17 12 12.9446069428
12 18 62.3338634104
18 12 55.1929202374
12 19 32.2742201993
19 12 75.8742942834
12 20 1.69769997891
20 12 41.7230183508
13 14 15.1722303288
14 13 34.5323029293
13 15 8.16314939268
15 13 35.906362513
13 16 75.3549380596
16 13 70.1172414482
13 17 6.47694597481
17 13 66.865802035
13 18 34.9012752675
18 13 14.9179956154
13 19 52.1182861728
19 13 51.3540991631
13 20 22.4039901872
20 13 52.0182862993
14 15 57.4264533835
15 14 91.6136946709
14 16 71.9763422597
16 14 45.3384821041
14 17 1.36065192673
17 14 42.7431754295
14 18 2.60418235564
18 14 46.5091690864
14 19 74.8248540291
19 14 49.6073118077
14 20 12.344923143
20 14 29.3100954434
15 16 12.6287200618
16 15 42.3338782158
15 17 7.55446968147
17 15 66.2106246511
15 18 35.743389349
18 15 88.7411831297
15 19 60.8699445037
19 15 64.2763715502
15 20 13.6950858554
20 15 37.2614749434
16 17 99.7259778494
17 16 15.484939817
16 18 20.1046864756
18 16 87.7887750579
16 19 1.83098608848
19 16 35.0298179754
16 20 92.0405543543
20 16 59.6841720968
17 18 22.2497533161
18 17 56.1558820761
17 19 10.8997556434
19 17 26.4408525753
17 20 96.077992938
20 17 84.2862542286
18 19 37.4276749541
19 18 80.0187688391
18 20 11.2094208751
20 18 42.6288815988
19 20 1.59769993721
20 19 57.2382978887
