true
22
462
0 1 55.1043081921
1 0 59.4521885412
0 2 99.225161484
2 0 55.4503826896
0 3 21.3860894055
3 0 96.9344067523
0 4 27.1544262008
4 0 71.4214574911
0 5 51.3304135809
5 0 61.299720369
0 6 94.3984851956
6 0 82.290028388
0 7 26.3960636177
7 0 49.2713152968
0 8 63.7063803824
8 0 20.2867903517
0 9 37.2846196158
9 0 65.6092137109
0 10 21.208941109
10 0 96.4802622119
0 11 79.3892118385
11 0 15.5997597261
0 12 89.0700554074
12 0 70.5678434347
0 13 83.7039324369
13 0 9.14465325503
0 14 63.8791640102
14 0 33.4129252881
0 15 26.4237396712
15 0 4.73127521055
0 16 37.6445380167
16 0 2.80053986726
0 17 81.7191610801
17 0 51.6478329315
0 18 66.3374969535
18 0 64.7036172022
0 19 2.73528702592
19 0 93.287659577
0 20 73.8242263627
20 0 96.2744438808
0 21 12.706284928
21 0 21.5305672287
1 2 23.7978953861
2 1 41.7710036128
1 3 10.521475575
3 1 86.8167490284
1 4 35.2941989677
4 1 78.7634312925
1 5 28.050115373
5 1 93.7764697998
1 6 81.6391427299
6 1 32.3273438151
1 7 29.1240936744
7 1 35.9916029703
1 8 92.1047782201
8 1 29.3676114055
1 9 7.42915625903
9 1 6.96987645896
1 10 20.075257497
10 1 9.97117811709
1 11 91.4489456297
11 1 56.875810022
1 12 48.874735194
12 1 62.2276307959
1 13 15.5323794996
13 1 78.7586421076
1 14 66.3003681914
14 1 24.9008124494
1 15 71.011868415
15 1 95.7400153142
1 16 35.1678478482
16 1 26.8392977147
1 17 96.3303109375
17 1 86.5295524976
1 18 56.6755971462
18 1 2.48985418111
1 19 9.32369741559
19 1 17.3539630628
1 20 91.6717831269
20 1 6.78466945555
1 21 61.6652857098
21 1 20.4956012178
2 3 54.561729755
3 2 37.6653143009
2 4 34.2375784578
4 2 30.9394874206
2 5 21.4538975214
5 2 71.971615368
2 6 20.4796089132
6 2 66.1820838278
2 7 53.9669041388
7 2 99.164141245
2 8 78.9110444156
8 2 71.7383492376
2 9 11.274492369
9 2 5.82323277866
2 10 10.9927199697
10 2 71.8938596104
2 11 33.314665475
11 2 68.0051298802
2 12 29.525457274
12 2 55.2483174673
2 13 84.2484723266
13 2 85.1662114407
2 14 61.5309035123
14 2 79.2194554687
2 15 80.9341813527
15 2 71.7699300578
2 16 49.8851481369
16 2 76.6458579637
2 17 20.3326396745
17 2 41.4106346094
2 18 66.3848940286
18 2 70.3871373527
2 19 86.3395236706
19 2 41.3772061723
2 20 46.9960993327
20 2 79.8116068955
2 21 40.1540980236
21 2 68.1099060017
3 4 25.3180276147
4 3 15.4823115712
3 5 73.3572363888
5 3 54.9820775544
3 6 36.3323130726
6 3 25.4116714717
3 7 34.5966986647
7 3 54.5215988956
3 8 98.3511092995
8 3 32.652525437
3 9 38.1357605764
9 3 69.407510096
3 10 44.9862687928
10 3 46.5055027555
3 11 69.7853341713
11 3 75.2999857407
3 12 91.1710801662
12 3 62.7202780591
3 13 16.9763726308
13 3 10.6709378334
3 14 17.9996733441
14 3 83.599624987
3 15 89.9494022576
15 3 70.222223054
3 16 1.9573240941
16 3 43.0689644936
3 17 18.5461637307
17 3 50.7903135184
3 18 46.4930265473
18 3 56.9743045556
3 19 92.01767438
19 3 47.196169782
3 20 64.6135843256
20 3 90.2529123058
3 21 55.747265485
21 3 90.7153676972
4 5 54.9607408957
5 4 23.40888337
4 6 52.1772406382
6 4 12.8458350615
4 7 28.3237522606
7 4 55.9032922235
4 8 75.6804577563
8 4 64.2067128657
4 9 75.0473782974
9 4 43.7539450775
4 10 71.7167687247
10 4 54.1631478765
4 11 74.3558112896
11 4 96.2496096301
4 12 58.6411211577
12 4 93.4014589124
4 13 9.74306926365
13 4 53.0002931209
4 14 38.1959691986
14 4 4.33936928385
4 15 23.6859411448
15 4 90.6527578468
4 16 45.0506843626
16 4 57.4601338688
4 17 57.2546595714
17 4 89.3754996231
4 18 24.7262481973
18 4 46.3936097803
4 19 57.6101222325
19 4 80.4622979579
4 20 26.9504501096
20 4 79.9293431812
4 21 90.2868727938
21 4 66.9273872246
5 6 32.5458352944
6 5 73.4725780732
5 7 12.9941079529
7 5 69.389425437
5 8 2.02624609868
8 5 19.0434615812
5 9 33.9509350187
9 5 68.8037535993
5 10 12.9038082419
10 5 45.1583546299
5 11 98.0474591416
11 5 61.1133379425
5 12 54.7595613902
12 5 72.1214386807
5 13 92.1555570176
13 5 45.1188912947
5 14 60.075396181
14 5 98.3373776128
5 15 36.0346243362
15 5 80.6139482378
5 16 83.9849074406
16 5 57.3466787594
5 17 41.8700907622
17 5 19.1403108254
5 18 41.2684725082
18 5 76.8500347332
5 19 20.0350417851
19 5 57.1654704783
5 20 61.9248371796
20 5 13.1738427832
5 21 60.1580867666
21 5 62.2280558927
6 7 6.79219285412
7 6 73.4633342226
6 8 36.9864691631
8 6 96.7304485088
6 9 53.2588155399
9 6 41.0433917604
6 10 96.4159981936
10 6 10.9758731117
6 11 83.6895883972
11 6 59.6887192987
6 12 85.5783845856
12 6 15.1900895435
6 13 41.2505253228
13 6 58.1609370376
6 14 57.3475077775
14 6 6.81130138854
6 15 94.6837804712
15 6 64.1172623057
6 16 99.8719593066
16 6 14.1104072033
6 17 59.4001661563
17 6 42.5312568749
6 18 46.4518600319
18 6 46.3951611845
6 19 29.7665116917
19 6 88.2130903839
6 20 28.080202112
20 6 69.9195734544
6 21 94.5644011745
21 6 50.8581005289
7 8 96.5924243625
8 7 7.0387679499
7 9 96.7787639865
9 7 75.1683354134
7 10 56.4934365148
10 7 17.7359663495
7 11 32.2251156372
11 7 7.66723204622
7 12 27.0632842124
12 7 32.403734425
7 13 23.9908906907
13 7 3.66673116787
7 14 12.4569266253
14 7 58.21277529
7 15 96.4816568696
15 7 18.9779128111
7 16 90.1098757843
16 7 20.5439055588
7 17 21.0612164738
17 7 39.166278453
7 18 12.7561829565
18 7 93.5159594804
7 19 51.6788299727
19 7 90.8617538232
7 20 57.445591845
20 7 83.9731114214
7 21 39.6291025595
21 7 75.7074898745
8 9 61.2919973087
9 8 33.8293188618
8 10 68.1993424898
10 8 97.3276111455
8 11 47.9995300062
11 8 85.4346965592
8 12 93.4175740885
12 8 42.6292904858
8 13 25.4272468343
13 8 60.6125015292
8 14 44.0899524954
14 8 14.4767652206
8 15 6.53453475844
15 8 10.8084183191
8 16 95.2673277758
16 8 65.4827109246
8 17 31.8868659325
17 8 55.9868624194
8 18 84.5430978487
18 8 83.2590519857
8 19 18.6727068871
19 8 34.678469679
8 20 65.2422137356
20 8 54.6987005708
8 21 45.9928379852
21 8 81.3857699496
9 10 74.9421769596
10 9 13.1560930593
9 11 87.1747054611
11 9 25.4037625412
9 12 25.0153124013
12 9 69.8284342695
9 13 53.8086534921
13 9 45.8995640194
9 14 25.4163165608
14 9 90.6327920579
9 15 85.2323376072
15 9 4.09415420147
9 16 97.6056794233
16 9 45.2416003262
9 17 55.2119843179
17 9 63.4469616156
9 18 16.6604256872
18 9 99.8598705951
9 19 98.8741825918
19 9 7.6868607916
9 20 36.8579238888
20 9 40.3307941322
9 21 80.0449991896
21 9 99.2529100967
10 11 46.2576320904
11 10 45.7266279246
10 12 11.523002759
12 10 36.3990861538
10 13 89.5727097053
13 10 4.79307423921
10 14 23.7308634512
14 10 83.6970115523
10 15 97.9929704855
15 10 89.5691810379
10 16 86.9047561245
16 10 92.641287405
10 17 74.1393300116
17 10 37.9152835641
10 18 17.5454931242
18 10 94.6889037811
10 19 26.8811471619
19 10 97.91699898
10 20 83.8986254754
20 10 35.4251907333
10 21 8.12344104773
21 10 59.072856811
11 12 2.81609350392
12 11 29.5987671528
11 13 65.3485494095
13 11 78.2533165129
11 14 77.6077848491
14 11 7.31448099391
11 15 76.5145820448
15 11 13.0171811217
11 16 34.5731126587
16 11 89.8256807571
11 17 4.49042441833
17 11 59.2360250524
11 18 93.3347285894
18 11 73.3953454839
11 19 81.1689803988
19 11 64.7075932656
11 20 49.9920072028
20 11 94.7022337025
11 21 80.7332404744
21 11 26.1358937152
12 13 91.7320243036
13 12 96.675458053
12 14 35.2308649993
14 12 78.6733798363
12 15 29.1331420448
15 12 89.2866906574
12 16 35.3684352986
16 12 91.7588154106
12 17 31.0603088299
17 12 71.2130418154
12 18 25.096516583
18 12 37.390675167
12 19 31.5373635983
19 12 20.3774931469
12 20 4.33039243634
20 12 47.4038801777
12 21 44.6580314606
21 12 35.3264278903
13 14 76.0963649279
14 13 26.3148087625
13 15 8.00188356719
15 13 41.3315212425
13 16 12.3619833246
16 13 14.6895760921
13 17 72.6765593655
17 13 25.6487700173
13 18 43.9773560204
18 13 35.335318379
13 19 16.9214717188
19 13 39.495982171
13 20 66.4794696266
20 13 33.921847462
13 21 39.2125852009
21 13 25.6826809135
14 15 96.8682710313
15 14 83.808161589
14 16 9.84034556063
16 14 21.1527348948
14 17 3.64947732664
17 14 78.9111002246
14 18 99.7599328254
18 14 34.0476994454
14 19 70.8440034437
19 14 43.5700950137
14 20 62.0966402431
20 14 41.2040239147
14 21 89.7209635631
21 14 65.7848702837
15 16 5.77714941539
16 15 65.4390326723
15 17 99.3228818721
17 15 85.3037746251
15 18 31.9540924623
18 15 99.6034159072
15 19 95.1006124515
19 15 33.8863789963
15 20 85.1798284724
20 15 86.6083094595
15 21 96.7164301953
21 15 42.0347843467
16 17 51.2078426261
17 16 33.9874751985
16 18 53.4320086833
18 16 28.1273864286
16 19 45.6374274624
19 16 96.2370116365
16 20 31.8708644788
20 16 82.5157704008
16 21 27.5286247473
21 16 28.350078197
17 18 71.2681778262
18 17 87.5008335334
17 19 99.6053408552
19 17 86.5296338051
17 20 96.2652416691
20 17 26.4216849997
17 21 67.8442242364
21 17 21.7432631764
18 19 8.66735263461
19 18 33.6939633493
18 20 78.1191647779
20 18 42.3657791495
18 21 50.5319176805
21 18 21.2859317979
19 20 68.0881696309
20 19 19.2984648943
19 21 57.3086734395
21 19 15.624296922
20 21 75.3383871144
21 20 85.6010931661
