true
23
506
0 1 37.4915356423
1 0 11.3472193468
0 2 16.0022997511
2 0 18.7253540986
0 3 10.0769335612
3 0 63.9098225616
0 4 87.4999073428
4 0 37.5039210965
0 5 77.9681628962
5 0 89.9959529523
0 6 27.4639704641
6 0 16.327565564
0 7 97.0716558975
7 0 31.9502501299
0 8 9.91952768902
8 0 76.699951732
0 9 97.5273020529
9 0 88.8721782121
0 10 75.044641704
10 0 88.057175009
0 11 5.99548440704
11 0 78.9844261259
0 12 66.6370814155
12 0 54.9185012292
0 13 15.2195325521
13 0 23.4592142847
0 14 71.3852498344
14 0 73.6462219416
0 15 89.4879618312
15 0 44.6934886655
0 16 29.9179091285
16 0 54.9233168786
0 17 88.2514755215
17 0 44.1513505032
0 18 1.75641508541
18 0 75.0651516088
0 19 54.4811856794
19 0 87.1378759071
0 20 44.2686392503
20 0 84.8580356062
0 21 58.2766195677
21 0 57.9394488852
0 22 63.5635389357
22 0 72.5222602471
1 2 68.5316072607
2 1 60.3256180028
1 3 19.5541341238
3 1 53.9312610377
1 4 53.6514977771
4 1 42.1975202238
1 5 77.8999033126
5 1 14.8610742795
1 6 79.7031201772
6 1 57.8310238238
1 7 5.95461100491
7 1 99.685670758
1 8 43.2701620479
8 1 1.27476840271
1 9 37.4901492042
9 1 47.5996635774
1 10 76.3534593579
10 1 88.8166908967
1 11 31.5262970781
11 1 67.8904979734
1 12 72.7486079625
12 1 71.2408428822
1 13 70.3748244922
13 1 82.2286034099
1 14 24.849168513
14 1 84.1325826561
1 15 75.6902452775
15 1 20.3772044993
1 16 39.2881444194
16 1 67.9459180389
1 17 50.2916460631
17 1 97.4004927708
1 18 29.9310173755
18 1 49.0760437637
1 19 14.2166557363
19 1 8.96171125873
1 20 41.3625969478
20 1 78.7132587404
1 21 93.6266296953
21 1 45.6859020375
1 22 8.82142709685
22 1 7.70554093637
2 3 39.1907624496
3 2 76.2259715264
2 4 37.5299382316
4 2 14.4426776714
2 5 37.9199967517
5 2 57.5287210195
2 6 53.1723869846
6 2 86.5642740115
2 7 23.287807675
7 2 76.7794083497
2 8 14.477634063
8 2 74.7526998826
2 9 17.2112884671
9 2 30.6787756382
2 10 54.7116868053
10 2 42.5970314429
2 11 83.710264289
11 2 86.5855693004
2 12 81.7835261287
12 2 15.7000637606
2 13 4.13554398508
13 2 88.1385932952
2 14 62.0381374969
14 2 85.592135924
2 15 57.3384537497
15 2 66.0957383073
2 16 56.1523467291
16 2 56.1878866025
2 17 80.9923692173
17 2 91.7783899372
2 18 12.1220581377
18 2 91.7101772392
2 19 98.7356729921
19 2 91.8191711836
2 20 48.5572386908
20 2 46.0923141057
2 21 1.85919581926
21 2 46.8780983614
2 22 55.0305671337
22 2 92.3746378058
3 4 63.7768741141
4 3 39.8253447916
3 5 43.5451076425
5 3 56.5979706429
3 6 4.86167171077
6 3 34.320531267
3 7 95.1972508192
7 3 52.3716099987
3 8 27.5251078598
8 3 87.5445908539
3 9 42.7581592934
9 3 11.3414780587
3 10 67.2039761933
10 3 67.1864084503
3 11 21.7243332981
11 3 78.2729675139
3 12 61.209386732
12 3 16.4991037139
3 13 66.5884315377
13 3 41.4005454601
3 14 20.0522076242
14 3 83.8353761973
3 15 50.6021212297
15 3 73.6564125798
3 16 15.5914650783
16 3 72.8837802461
3 17 21.0422924821
17 3 89.8789989478
3 18 29.5622225611
18 3 61.8231284618
3 19 19.7766868499
19 3 87.2521835472
3 20 36.020019977
20 3 43.5426175527
3 21 73.8556117062
21 3 20.6953915899
3 22 43.2538717165
22 3 4.44038619773
4 5 13.3817984551
5 4 71.1501982653
4 6 73.2302364431
6 4 38.9249201618
4 7 36.5107120683
7 4 12.6469145649
4 8 4.4502101151
8 4 72.1742418134
4 9 29.3472901675
9 4 62.1564925999
4 10 40.3298132067
10 4 71.768013869
4 11 73.3444002347
11 4 67.1954556072
4 12 51.5049810549
12 4 78.2206855634
4 13 90.793029651
13 4 10.7030123535
4 14 51.8285202838
14 4 60.8475492589
4 15 71.2558872005
15 4 14.0439730914
4 16 17.7570329242
16 4 94.6684008958
4 17 27.4415453433
17 4 25.6785727686
4 18 52.1070192104
18 4 41.8430136164
4 19 38.9776515102
19 4 84.2137062793
4 20 39.6056207349
20 4 33.6762802019
4 21 4.85080648088
21 4 26.289742457
4 22 90.9062502079
22 4 64.0309354017
5 6 98.4873401821
6 5 81.3557259682
5 7 91.5102104428
7 5 69.2350412311
5 8 84.777874814
8 5 99.9155005826
5 9 77.6136106461
9 5 84.6438327557
5 10 99.3734750551
10 5 21.0138082216
5 11 70.0440786938
11 5 96.2554617283
5 12 64.5752733057
12 5 50.1679897762
5 13 46.6668415153
13 5 70.1632856582
5 14 73.9236860109
14 5 2.62247705145
5 15 66.5015291385
15 5 86.4233205419
5 16 9.50714114129
16 5 32.7174058602
5 17 46.8827910562
17 5 54.8109459403
5 18 83.1012011666
18 5 76.9931084359
5 19 72.2063071377
19 5 24.0461774503
5 20 16.1993136929
20 5 22.6205777228
5 21 58.9120667538
21 5 51.0145311606
5 22 30.177027423
22 5 80.5496591
6 7 57.7180190806
7 6 59.1972253053
6 8 96.3970775533
8 6 71.2374593881
6 9 71.0327968944
9 6 25.0856902416
6 10 5.05674650006
10 6 8.55248420185
6 11 11.486678657
11 6 96.672307855
6 12 24.4524051629
12 6 82.0418241045
6 13 74.8859207582
13 6 55.0922024434
6 14 85.0591310076
14 6 4.84872312064
6 15 96.1735181183
15 6 37.5655996407
6 16 86.8956306502
16 6 98.007244289
6 17 78.1302083892
17 6 4.98444045013
6 18 46.001977334
18 6 20.5755711358
6 19 71.7327093514
19 6 52.0418680964
6 20 52.1450927773
20 6 48.399451672
6 21 13.3308089719
21 6 41.9875034824
6 22 54.1640490099
22 6 27.1507869274
7 8 86.1749448709
8 7 28.9819544893
7 9 78.0062395439
9 7 74.2615680062
7 10 23.930679618
10 7 29.2338793043
7 11 16.7067900395
11 7 69.0209544609
7 12 86.8750702035
12 7 91.1025372421
7 13 70.9045214377
13 7 91.2840876689
7 14 56.078200653
14 7 34.1668490388
7 15 65.1845734303
15 7 46.455572082
7 16 16.5329750584
16 7 83.6733672536
7 17 25.9060528835
17 7 48.5597135413
7 18 63.631609942
18 7 96.5727619646
7 19 35.1417489286
19 7 73.0062951837
7 20 56.7328534825
20 7 10.7735863176
7 21 95.9803090473
21 7 26.803968046
7 22 32.5849354738
22 7 50.3081189819
8 9 50.3657695244
9 8 90.3893881753
8 10 27.6792186032
10 8 10.0764614481
8 11 50.8446064739
11 8 37.3187968229
8 12 65.8985503396
12 8 55.5020084631
8 13 3.97256417188
13 8 91.6106943429
8 14 97.2132715231
14 8 68.9258198597
8 15 6.58100917854
15 8 32.3065988647
8 16 70.9349525457
16 8 44.2292837275
8 17 75.4798563589
17 8 79.1941004489
8 18 54.7827868215
18 8 14.0466076736
8 19 95.0926490329
19 8 72.1721901572
8 20 69.0852025333
20 8 83.4161214436
8 21 75.3492904913
21 8 17.2500250312
8 22 66.5332775666
22 8 69.9191761102
9 10 18.8492800941
10 9 92.5164817069
9 11 52.163255057
11 9 71.9958773138
9 12 61.8235502206
12 9 91.6413460975
9 13 96.5642005237
13 9 83.2474285604
9 14 64.2409519611
14 9 70.1955968305
9 15 63.433534217
15 9 74.4947125199
9 16 39.3125563593
16 9 50.7811300627
9 17 75.2885232996
17 9 50.6042622757
9 18 38.3551352901
18 9 88.9198338629
9 19 98.8827609327
19 9 96.4203209874
9 20 18.310005005
20 9 10.065113197
9 21 13.0959268353
21 9 27.2234927822
9 22 58.8832029446
22 9 94.8775541432
10 11 40.7103633529
11 10 44.3975212234
10 12 3.66597206199
12 10 36.8641976592
10 13 2.96915750639
13 10 91.9436764107
10 14 40.8483302001
14 10 19.4744646482
10 15 54.8095987653
15 10 33.9825040285
10 16 21.8662979844
16 10 61.0749962803
10 17 13.0037630192
17 10 88.4349986245
10 18 47.2860493477
18 10 29.4951946523
10 19 32.1094066959
19 10 20.7848071048
10 20 26.3342276428
20 10 61.5566846378
10 21 42.3600932064
21 10 7.54751654144
10 22 6.2165374603
22 10 68.6941514429
11 12 86.5078791077
12 11 60.1392659146
11 13 39.7744104865
13 11 49.5328162371
11 14 79.6949866914
14 11 51.5868677886
11 15 83.2139237689
15 11 30.6009461836
11 16 27.7634915193
16 11 49.3199241111
11 17 77.4838071281
17 11 60.6283004845
11 18 15.9149532402
18 11 15.7684859908
11 19 82.2559269052
19 11 85.7608090638
11 20 41.4278356157
20 11 85.2522382237
11 21 82.8830254787
21 11 93.4367854815
11 22 28.6300129975
22 11 45.9721734942
12 13 59.9802453182
13 12 76.5614513859
12 14 42.4378430027
14 12 75.3378547852
12 15 41.7443854839
15 12 69.9942265829
12 16 18.0300312819
16 12 15.0410890632
12 17 27.264328395
17 12 18.1720530838
12 18 40.5443854791
18 12 17.7867557172
12 19 53.3877276075
19 12 86.3269461035
12 20 82.8496096724
20 12 49.9096691519
12 21 43.6665035661
21 12 57.944548421
12 22 78.9756195866
22 12 7.63569411004
13 14 34.995635622
14 13 42.2359246203
13 15 20.8736523493
15 13 2.90734916267
13 16 17.8838747796
16 13 11.1291923302
13 17 71.4588534245
17 13 96.8427317988
13 18 55.7739490589
18 13 19.2240696546
13 19 99.7479769706
19 13 35.2010381409
13 20 8.49868493059
20 13 9.62958521193
13 21 58.9958538894
21 13 76.2478971122
13 22 39.8517346252
22 13 92.4933671297
14 15 22.5126066563
15 14 39.8848764178
14 16 47.4254127495
16 14 20.2147843888
14 17 74.3059397786
17 14 15.9503524559
14 18 78.3253729721
18 14 42.5315465272
14 19 71.8181853334
19 14 38.116701013
14 20 53.7442971601
20 14 4.16163852682
14 21 29.3823738002
21 14 43.2383662131
14 22 77.079077445
22 14 68.0816033857
15 16 60.5359015115
16 15 17.5537710697
15 17 1.25782687962
17 15 11.5054711163
15 18 4.30283448736
18 15 28.3449303578
15 19 45.0331923739
19 15 35.4157475627
15 20 29.6840046276
20 15 33.0296353251
15 21 23.6605961832
21 15 35.246258319
15 22 15.3075765734
22 15 76.8245580282
16 17 16.5634646681
17 16 87.2861924929
16 18 55.7327011921
18 16 56.9075965328
16 19 53.276640382
19 16 44.9370060063
16 20 92.8637284056
20 16 32.350837991
16 21 97.7618551324
21 16 22.2024681105
16 22 99.4389762844
22 16 39.327659976
17 18 69.8872970724
18 17 26.7750751708
17 19 78.3627231387
19 17 22.7443991969
17 20 81.3258761328
20 17 99.5293164508
17 21 53.8247762538
21 17 8.40029461148
17 22 4.48420381391
22 17 96.469535475
18 19 38.9137411639
19 18 42.836822787
18 20 67.703936166
20 18 12.4124182036
18 21 80.1077664799
21 18 98.6725711955
18 22 21.5708607256
22 18 17.7115017959
19 20 58.1831249621
20 19 53.1814062401
19 21 4.31333462511
21 19 63.2401925536
19 22 22.8499811081
22 19 95.6767153497
20 21 91.5577637267
21 20 62.1008437776
20 22 35.5146684005
22 20 94.2747887046
21 22 46.6845720003
22 21 71.351423441
