24
552
0 0 0.0
0 1 9.16289540935
0 2 62.3943938529
0 3 88.1921862657
0 4 48.4363930831
0 5 55.0431744597
0 6 11.3173735133
0 7 99.5788662486
0 8 68.5573914943
0 9 29.2847887822
0 10 98.6372458809
0 11 47.7788804038
0 12 82.7960992382
0 13 64.3024270469
0 14 35.7096440758
0 15 88.0831043883
0 16 82.8604175735
0 17 57.9647534586
0 18 76.3213290267
0 19 35.5841085601
0 20 53.0629287317
0 21 4.00105431632
0 22 6.45296782329
0 23 66.9653514871
1 0 76.2259993818
1 1 0.0
1 2 46.8669030818
1 3 48.3613789147
1 4 32.0717773409
1 5 49.1245621369
1 6 94.0434120272
1 7 53.9895372862
1 8 11.3975531461
1 9 80.7901530878
1 10 11.3160368904
1 11 17.9370305196
1 12 86.7683883867
1 13 69.5812785795
1 14 2.15676717516
1 15 45.0936930782
1 16 28.582336533
1 17 88.414355139
1 18 86.4743972147
1 19 33.5567154683
1 20 92.9174029403
1 21 84.0494853754
1 22 42.1850733551
1 23 88.5042229553
2 0 6.92567298963
2 1 37.0044634259
2 2 0.0
2 3 44.254800926
2 4 3.58797464255
2 5 89.8107467958
2 6 45.84776914
2 7 29.8830818618
2 8 63.2043806229
2 9 98.9781011753
2 10 57.2985991003
2 11 85.0934881421
2 12 59.0679975304
2 13 7.16144417415
2 14 66.6941936502
2 15 19.619239981
2 16 58.2512511303
2 17 9.87361574759
2 18 4.03748371378
2 19 90.003561207
2 20 81.8046975317
2 21 57.7350505565
2 22 2.99687365787
2 23 95.8742135283
3 0 91.9875095479
3 1 42.4768287435
3 2 84.0181006881
3 3 0.0
3 4 23.4491614584
3 5 1.88837953032
3 6 33.7694588507
3 7 28.0847006924
3 8 23.3146397501
3 9 65.9021440702
3 10 9.96350045758
3 11 39.5401056288
3 12 15.3254565805
3 13 43.6080347842
3 14 77.6253859816
3 15 85.2922220526
3 16 72.426759115
3 17 38.9754611974
3 18 51.0528078389
3 19 70.4973993356
3 20 92.9004686105
3 21 10.8297868924
3 22 29.6080826349
3 23 75.2152451234
4 0 50.9892718936
4 1 63.4075144417
4 2 66.0610371215
4 3 82.1958816775
4 4 0.0
4 5 91.5952435105
4 6 43.5880782731
4 7 42.8554367132
4 8 26.2727205393
4 9 83.6978036471
4 10 55.9040027289
4 11 71.5294414364
4 12 88.0566207899
4 13 24.772235326
4 14 5.3861710833
4 15 3.99397392454
4 16 45.8089654911
4 17 34.7355598099
4 18 37.5093985879
4 19 95.4782266132
4 20 63.3611185595
4 21 29.9887355886
4 22 1.20565638009
4 23 50.7718257112
5 0 96.378741426
5 1 61.7118100231
5 2 79.6590584621
5 3 51.5438446786
5 4 64.4358057457
5 5 0.0
5 6 79.2138360406
5 7 84.1568343674
5 8 52.5183521464
5 9 64.6796832483
5 10 94.909457825
5 11 19.0662263914
5 12 67.5664424871
5 13 69.1031412067
5 14 82.5623723402
5 15 45.8860055966
5 16 21.0460553483
5 17 31.6597038511
5 18 44.9618827293
5 19 23.6912787424
5 20 24.1154841945
5 21 84.5250814431
5 22 21.8185414568
5 23 54.3094016689
6 0 10.3949180379
6 1 29.1803499349
6 2 31.5043919843
6 3 49.4919483111
6 4 43.2634231876
6 5 2.29713150545
6 6 0.0
6 7 33.427382432
6 8 53.5115612933
6 9 98.461550594
6 10 72.5112674964
6 11 29.8759735559
6 12 55.8845932561
6 13 40.9638028787
6 14 55.1836260962
6 15 73.2498731291
6 16 14.0479293392
6 17 36.1880671739
6 18 24.0372822387
6 19 36.0161025052
6 20 41.6267815235
6 21 10.9070562537
6 22 82.9361587268
6 23 71.986198495
7 0 83.6053757376
7 1 64.8502464141
7 2 44.3722384923
7 3 79.4660545791
7 4 56.5849945779
7 5 38.6155524239
7 6 23.1366746938
7 7 0.0
7 8 87.5675778649
7 9 24.1316076341
7 10 16.6105463077
7 11 73.8465017077
7 12 47.457695865
7 13 57.6202653093
7 14 8.43005966782
7 15 2.73843006308
7 16 38.02013761
7 17 26.6246578877
7 18 93.3181573556
7 19 7.16021195308
7 20 51.6351743165
7 21 15.6071940379
7 22 82.7123604318
7 23 85.9409518472
8 0 20.5729969993
8 1 80.2266288122
8 2 75.304645378
8 3 5.67444501003
8 4 38.4606827905
8 5 36.7252977366
8 6 10.5546592969
8 7 12.7015750564
8 8 0.0
8 9 62.4874013933
8 10 33.435208536
8 11 6.2127612496
8 12 98.7873267245
8 13 38.3905876064
8 14 65.5550761935
8 15 5.02684362926
8 16 60.9066154382
8 17 22.0903056878
8 18 9.86722957801
8 19 77.8155842785
8 20 72.1284503609
8 21 89.5779912489
8 22 7.41047180649
8 23 64.8459063012
9 0 14.8006471921
9 1 93.0766219551
9 2 57.5539053651
9 3 83.4626280836
9 4 85.8509690605
9 5 43.4804970479
9 6 51.4912194319
9 7 83.9288440623
9 8 29.6590862996
9 9 0.0
9 10 40.4729986119
9 11 81.574404761
9 12 16.7527339535
9 13 26.9194683671
9 14 26.5334680767
9 15 26.7717039492
9 16 57.5773886845
9 17 10.7141977618
9 18 75.0038828529
9 19 73.9552860364
9 20 40.3238255235
9 21 11.0611242059
9 22 93.4043457491
9 23 99.1288879757
10 0 95.3158935559
10 1 73.9190983088
10 2 57.5328385384
10 3 99.7093830813
10 4 89.8818156212
10 5 57.7614804618
10 6 55.9109792707
10 7 40.1834939802
10 8 71.7404447098
10 9 57.1908449179
10 10 0.0
10 11 40.6110950739
10 12 10.2007328189
10 13 48.8498646306
10 14 58.5842817559
10 15 93.0221886078
10 16 57.2153284949
10 17 49.7442011712
10 18 47.2437103252
10 19 17.0160231343
10 20 36.948612554
10 21 63.7324711335
10 22 64.7905835443
10 23 94.3876120074
11 0 58.3984303849
11 1 12.6736340698
11 2 81.3084943527
11 3 54.5278640102
11 4 36.3883140307
11 5 84.5424591805
11 6 12.9237702122
11 7 77.2674196694
11 8 11.3721796311
11 9 20.7439073718
11 10 43.8206046293
11 11 0.0
11 12 44.7481883852
11 13 54.5707069609
11 14 51.63766216
11 15 71.8428166918
11 16 20.7848243856
11 17 1.5310762549
11 18 55.2865044809
11 19 4.40444668981
11 20 65.0808291539
11 21 92.4555716531
11 22 15.9168681183
11 23 92.8821525451
12 0 6.48656235728
12 1 40.0425267609
12 2 9.64047415348
12 3 59.2191152432
12 4 74.4299713429
12 5 66.5305123637
12 6 78.4371121567
12 7 67.1590028101
12 8 12.7924909032
12 9 32.8735632878
12 10 96.2745823593
12 11 31.1035711369
12 12 0.0
12 13 24.1602135528
12 14 27.7558454917
12 15 47.8747136781
12 16 59.5683775967
12 17 35.9644928114
12 18 23.908880768
12 19 68.8699426792
12 20 41.7940498482
12 21 63.75685539
12 22 12.5252613072
12 23 33.3564951736
13 0 46.0733029301
13 1 77.8172690833
13 2 26.6002572776
13 3 56.1024580745
13 4 35.6229292506
13 5 90.0279308712
13 6 93.860498975
13 7 29.0617653764
13 8 77.747488589
13 9 73.1510917164
13 10 28.9214483839
13 11 36.9389150593
13 12 47.9840401752
13 13 0.0
13 14 17.7549422018
13 15 40.501939478
13 16 51.2975642557
13 17 2.62440945028
13 18 80.5172641556
13 19 6.2276421773
13 20 33.1573500395
13 21 7.06226899771
13 22 55.4322778047
13 23 30.1307684779
14 0 46.8866551596
14 1 80.6883950552
14 2 45.1633256008
14 3 44.6289956426
14 4 72.9995690178
14 5 45.7750049759
14 6 12.8083452302
14 7 76.790616632
14 8 1.530925626
14 9 51.7838474274
14 10 97.8467465514
14 11 81.2144715726
14 12 71.7793315105
14 13 91.4329022481
14 14 0.0
14 15 47.0516777672
14 16 96.1160620528
14 17 70.9693477721
14 18 65.0712805039
14 19 23.8610350094
14 20 33.2290289613
14 21 56.2666246274
14 22 16.584842542
14 23 47.8220361105
15 0 63.1411507295
15 1 6.67582009899
15 2 95.4858536473
15 3 34.2135333554
15 4 61.8326654774
15 5 74.8426697129
15 6 73.8753652238
15 7 13.3908703097
15 8 40.2679612519
15 9 78.5564700564
15 10 63.808170107
15 11 47.2952214236
15 12 96.3031284032
15 13 61.4775141994
15 14 4.19280695689
15 15 0.0
15 16 86.8151488209
15 17 83.1924964237
15 18 31.9490224292
15 19 78.7240535062
15 20 48.9731412461
15 21 38.3824766412
15 22 67.0570317369
15 23 12.9612164245
16 0 41.5956989398
16 1 73.2029961601
16 2 21.9638987815
16 3 71.558590288
16 4 43.427711103
16 5 58.209081571
16 6 27.1396858288
16 7 17.3797089951
16 8 80.1494294298
16 9 4.23755918657
16 10 59.1567610992
16 11 39.9302700423
16 12 93.1100977469
16 13 10.4858834898
16 14 10.8440153621
16 15 80.0245528587
16 16 0.0
16 17 38.7748180534
16 18 19.2089166679
16 19 46.450442952
16 20 68.9817887909
16 21 70.4711016948
16 22 91.9292742992
16 23 63.9766171019
17 0 58.8148076829
17 1 22.2810008993
17 2 5.01952014232
17 3 56.1836260155
17 4 59.9779375939
17 5 75.6327195963
17 6 56.3485924267
17 7 79.2938706497
17 8 92.465346675
17 9 18.8131070229
17 10 56.6962968692
17 11 95.2832683969
17 12 87.9597676534
17 13 93.1347590318
17 14 25.1364473785
17 15 25.3520883048
17 16 91.9199205882
17 17 0.0
17 18 64.4796281108
17 19 74.8285636675
17 20 38.3777248712
17 21 48.3043455059
17 22 59.4388122493
17 23 73.9314540578
18 0 59.4118066246
18 1 13.2787399721
18 2 19.979652269
18 3 53.6270781096
18 4 83.6999139151
18 5 26.0077960454
18 6 97.9057587844
18 7 98.8958201254
18 8 25.0627493626
18 9 79.790889781
18 10 27.3685118507
18 11 69.5920183946
18 12 12.8674985203
18 13 2.91554805462
18 14 39.9233654396
18 15 48.8666380946
18 16 24.0901782149
18 17 28.5443422978
18 18 0.0
18 19 59.6004539249
18 20 82.1943421835
18 21 19.5516566365
18 22 56.7879224666
18 23 51.7816587918
19 0 79.5026606022
19 1 30.6058567668
19 2 10.9562648471
19 3 23.702600228
19 4 50.1621662607
19 5 46.9349080783
19 6 39.7944492877
19 7 75.4675293736
19 8 48.677090114
19 9 42.0694387648
19 10 62.9621169479
19 11 28.3992373597
19 12 63.1093021224
19 13 80.2243776166
19 14 86.4092617476
19 15 69.1851633813
19 16 93.7310404892
19 17 81.2860746788
19 18 71.907251443
19 19 0.0
19 20 48.6748281136
19 21 96.2338974835
19 22 62.1050105727
19 23 61.0249870327
20 0 38.5944892791
20 1 54.1475301251
20 2 29.0005767918
20 3 73.7469371062
20 4 39.6244764259
20 5 52.6675039335
20 6 77.7342326985
20 7 85.8750628913
20 8 16.4631114425
20 9 91.3101516594
20 10 3.1378901616
20 11 34.3802338312
20 12 10.2226632246
20 13 73.7090461259
20 14 90.0749749653
20 15 4.44732819348
20 16 59.44072696
20 17 5.40768093804
20 18 61.0887617551
20 19 50.2418555468
20 20 0.0
20 21 52.1980961574
20 22 91.8138708349
20 23 62.7632046733
21 0 63.7083658996
21 1 52.2780146634
21 2 35.1850224761
21 3 3.58468630108
21 4 99.1682915266
21 5 18.2513242589
21 6 53.4157167995
21 7 44.7929530314
21 8 27.4733719059
21 9 82.8989358134
21 10 43.126399359
21 11 64.9810333864
21 12 40.1911886737
21 13 19.4285218809
21 14 58.432404052
21 15 90.6617580407
21 16 85.9487617462
21 17 70.5693075841
21 18 91.5561256068
21 19 16.1452304322
21 20 56.9114935172
21 21 0.0
21 22 36.2281089943
21 23 37.5642680402
22 0 74.7119881707
22 1 27.37180714
22 2 76.2780072995
22 3 87.0812436816
22 4 34.1231516271
22 5 89.6258941153
22 6 91.9381401497
22 7 57.5390033399
22 8 19.2638415837
22 9 61.6546302178
22 10 9.38208299303
22 11 63.31084466
22 12 87.2818759009
22 13 25.6380140126
22 14 49.8888908061
22 15 70.5238133161
22 16 74.8038730288
22 17 62.8466874745
22 18 60.2640492726
22 19 69.5821436558
22 20 29.6102364947
22 21 92.9954276794
22 22 0.0
22 23 58.1624557063
23 0 38.5802751191
23 1 71.5743459389
23 2 28.3287997909
23 3 61.6066094622
23 4 77.0609957009
23 5 60.4303569029
23 6 34.9935247491
23 7 14.8933537312
23 8 76.5383506627
23 9 90.3566248231
23 10 24.314302163
23 11 13.2307911891
23 12 8.02098741634
23 13 7.73342018163
23 14 88.3517877451
23 15 40.0908933564
23 16 57.8157822732
23 17 63.3577270061
23 18 12.9462196097
23 19 48.5030421633
23 20 53.0381546132
23 21 82.8206587285
23 22 37.4179241093
23 23 0.0