true
25
600
0 1 55.3008104142
1 0 4.55019633317
0 2 79.1967591396
2 0 22.8147435931
0 3 27.5844538775
3 0 21.602173939
0 4 15.5306315324
4 0 21.3660171961
0 5 53.8649283122
5 0 95.3115675996
0 6 58.1302801015
6 0 78.540436984
0 7 64.6782536113
7 0 41.9334017913
0 8 86.6943928305
8 0 54.6164130342
0 9 2.61446592829
9 0 71.5889255336
0 10 19.4576506743
10 0 64.3544962128
0 11 21.3178615303
11 0 69.8511496429
0 12 22.0652420326
12 0 41.3686118651
0 13 1.56869532462
13 0 80.2027632299
0 14 93.812850098
14 0 62.0643412803
0 15 67.2291018353
15 0 19.7367860991
0 16 17.0838144033
16 0 46.8774558469
0 17 84.1378102971
17 0 96.4523428574
0 18 45.2702526225
18 0 19.8121422572
0 19 67.0398486374
19 0 59.7081352991
0 20 95.9915713491
20 0 28.4779248938
0 21 82.1120298872
21 0 6.63223031492
0 22 36.9461518898
22 0 76.6218501602
0 23 80.7552218356
23 0 63.4435323371
0 24 15.4461987872
24 0 57.716529356
1 2 65.8279218796
2 1 35.6841659281
1 3 33.1220054023
3 1 53.0863178615
1 4 10.5202582657
4 1 34.4983888798
1 5 64.2938544287
5 1 14.5353180723
1 6 64.3255152926
6 1 4.585943016
1 7 96.0741329743
7 1 53.4754392899
1 8 60.6532106572
8 1 91.7680600657
1 9 10.4420123866
9 1 97.6291392734
1 10 79.3945575588
10 1 24.4435302701
1 11 82.35879779
11 1 92.8485686957
1 12 44.8654490781
12 1 7.20351381686
1 13 45.6132909668
13 1 85.5156520738
1 14 37.6319038964
14 1 54.7672030019
1 15 61.9162958544
15 1 47.2536613917
1 16 21.8711960373
16 1 51.9544061335
1 17 89.858214495
17 1 80.9742020646
1 18 86.8245604759
18 1 94.3226193723
1 19 68.4975731697
19 1 39.0986587162
1 20 53.8058204678
20 1 57.0019818573
1 21 72.6075597021
21 1 46.8892239032
1 22 72.7644543683
22 1 61.0033560038
1 23 32.763911573
23 1 28.5301515775
1 24 36.9899075376
24 1 13.9818264038
2 3 98.572692816
3 2 57.0709872962
2 4 36.4480142125
4 2 58.6136153249
2 5 8.7856681196
5 2 79.2774183946
2 6 98.2149796109
6 2 25.4785764125
2 7 36.9664785309
7 2 42.0949358769
2 8 33.7177992887
8 2 19.4674291062
2 9 84.3969481721
9 2 84.2486212167
2 10 14.6077359542
10 2 36.1354932599
2 11 13.8851119447
11 2 46.1620025247
2 12 27.6413626139
12 2 89.375094185
2 13 54.5494297168
13 2 47.4613687995
2 14 94.8341516412
14 2 26.26868414
2 15 56.3763444876
15 2 53.2732678471
2 16 8.73487467026
16 2 27.2023807192
2 17 81.4894091822
17 2 79.5858999996
2 18 85.4165956142
18 2 92.7033075218
2 19 18.9451043738
19 2 53.6204516608
2 20 52.354386272
20 2 8.02584472551
2 21 65.2374342321
21 2 53.5350673691
2 22 94.8285649179
22 2 73.9377067577
2 23 80.8668356023
23 2 18.4226427208
2 24 82.7234973614
24 2 10.7591915766
3 4 75.7669461856
4 3 77.9461484206
3 5 22.6366608055
5 3 37.8515408686
3 6 80.9292670764
6 3 49.4041527827
3 7 71.5377912178
7 3 89.1891365436
3 8 21.8378571059
8 3 73.8949235015
3 9 47.6826048728
9 3 95.6570470282
3 10 96.6507080763
10 3 93.9490357331
3 11 62.0277993263
11 3 27.8151343249
3 12 14.5004388406
12 3 21.8250416006
3 13 61.6896913956
13 3 10.4959978598
3 14 62.8815871069
14 3 6.36460811541
3 15 9.36296042906
15 3 58.8563736047
3 16 22.3102269663
16 3 56.1344711459
3 17 77.7292893572
17 3 43.5107186684
3 18 52.635944576
18 3 75.3827686983
3 19 99.9494297365
19 3 82.4649541062
3 20 69.9135130332
20 3 62.4972441344
3 21 26.72484065
21 3 83.7006878857
3 22 19.0066121225
22 3 27.9772621832
3 23 39.6172635655
23 3 18.9668262081
3 24 36.235318896
24 3 26.7385578334
4 5 42.5314205582
5 4 1.11419677174
4 6 51.8894816518
6 4 5.78432928668
4 7 52.9731121351
7 4 54.092244604
4 8 85.2313140578
8 4 68.3941786931
4 9 60.7101625426
9 4 8.51052979451
4 10 90.963396613
10 4 69.0569798007
4 11 59.4203905096
11 4 6.60419971402
4 12 96.3726540207
12 4 13.2834542732
4 13 2.64673879161
13 4 17.0666458861
4 14 32.8345910079
14 4 21.3253129883
4 15 48.0593180408
15 4 44.0988506429
4 16 98.1586106246
16 4 7.44940904815
4 17 87.7193273158
17 4 46.1424478863
4 18 75.6105673541
18 4 47.4151016845
4 19 14.3042401528
19 4 3.0240271561
4 20 52.6378330225
20 4 78.1689594697
4 21 73.9062855834
21 4 38.535538562
4 22 73.4252398172
22 4 26.3302841613
4 23 42.4241941785
23 4 74.4294980184
4 24 78.203903784
24 4 63.5112327371
5 6 67.1800183434
6 5 51.6570431126
5 7 60.7063400046
7 5 38.4998370622
5 8 57.7031607463
8 5 52.8933243626
5 9 3.37102681663
9 5 19.4023254283
5 10 72.4959637549
10 5 18.6059278018
5 11 77.9829134857
11 5 55.2271860488
5 12 77.2120492047
12 5 87.4620297228
5 13 53.1930668131
13 5 38.8909065672
5 14 54.1027889669
14 5 94.2238244471
5 15 14.7912913038
15 5 85.2644390686
5 16 60.3735861066
16 5 38.7196703814
5 17 96.9562447722
17 5 30.2094177891
5 18 26.0520366164
18 5 51.843207638
5 19 20.8089583697
19 5 6.57022845574
5 20 23.7537578049
20 5 35.1123370568
5 21 59.4280631581
21 5 12.9079385668
5 22 80.9588680109
22 5 92.4215469149
5 23 53.717624759
23 5 81.7954367593
5 24 66.0374872771
24 5 58.2661864555
6 7 77.5373295168
7 6 99.4512917699
6 8 88.2447981327
8 6 9.86675536087
6 9 52.582033879
9 6 64.8663688945
6 10 39.1930142319
10 6 78.2264450942
6 11 82.4317738767
11 6 1.79666249957
6 12 24.4038720716
12 6 34.214091737
6 13 7.00017972775
13 6 38.3658275405
6 14 39.9274360941
14 6 9.95502589688
6 15 54.2572855348
15 6 99.4119784586
6 16 96.0263951206
16 6 1.51008474562
6 17 31.5571187406
17 6 78.153257694
6 18 78.6952261022
18 6 19.4747296641
6 19 27.4357895695
19 6 25.8657639106
6 20 47.2025546479
20 6 95.429013438
6 21 34.0475133933
21 6 39.3024934544
6 22 49.1090044943
22 6 81.4615381231
6 23 24.7605560995
23 6 71.2027585817
6 24 23.1104784799
24 6 13.8515698657
7 8 77.7513820205
8 7 93.7654655392
7 9 64.7081803061
9 7 6.41806756832
7 10 32.7886922147
10 7 91.2756547738
7 11 31.2063889624
11 7 82.6073448717
7 12 63.6311501932
12 7 15.9779853985
7 13 5.27704200814
13 7 1.32123263402
7 14 59.2544762366
14 7 72.1193496336
7 15 96.5210224295
15 7 97.8161711277
7 16 9.28850738744
16 7 13.2665387669
7 17 28.24723022
17 7 41.2007212459
7 18 26.6625547092
18 7 7.03913098459
7 19 39.097824645
19 7 62.7921352585
7 20 10.4532717863
20 7 41.4304486143
7 21 85.7894746015
21 7 81.0918083222
7 22 35.0034487932
22 7 35.7756278947
7 23 8.91902324327
23 7 19.103600244
7 24 83.7780008827
24 7 51.780969041
8 9 11.9572646116
9 8 12.8729798143
8 10 13.4100139221
10 8 19.3002968441
8 11 51.2823690297
11 8 38.5097255431
8 12 22.1043675146
12 8 15.8852371003
8 13 37.5532544776
13 8 73.955239268
8 14 38.7629137325
14 8 58.6255767733
8 15 6.40983912738
15 8 10.3337697903
8 16 78.4229615972
16 8 8.67055309949
8 17 60.3503749687
17 8 5.73700156088
8 18 25.3460475734
18 8 18.2985906691
8 19 98.4347638305
19 8 34.7120256701
8 20 23.873109042
20 8 76.5278877299
8 21 86.9134810471
21 8 61.585840781
8 22 48.4840528471
22 8 4.29573598816
8 23 11.6141469639
23 8 98.7175035773
8 24 72.9685570975
24 8 40.7656822908
9 10 50.2606407701
10 9 48.8700166895
9 11 39.0563635749
11 9 10.0043340423
9 12 86.5705589801
12 9 25.0302431459
9 13 12.4681293544
13 9 75.0934351432
9 14 92.0404361699
14 9 98.0429324794
9 15 70.9808882155
15 9 68.8509188
9 16 54.9982497837
16 9 46.0403296503
9 17 43.4957698045
17 9 53.4713578815
9 18 52.4687438351
18 9 48.6706182182
9 19 41.4855378748
19 9 88.0167714479
9 20 65.1565277138
20 9 25.5731591606
9 21 96.2303169062
21 9 2.68048984908
9 22 46.6942575987
22 9 8.15752307719
9 23 30.715205534
23 9 67.9805741175
9 24 91.9903742317
24 9 26.2988356457
10 11 32.9277830748
11 10 43.6032165893
10 12 8.68974644328
12 10 45.3919697827
10 13 41.6453706144
13 10 99.4560005913
10 14 94.5714575853
14 10 5.43980667228
10 15 74.5968521185
15 10 26.4748892284
10 16 30.1342199183
16 10 62.4224797219
10 17 60.6302068363
17 10 50.7794832956
10 18 60.6768966931
18 10 74.3201716022
10 19 49.433347148
19 10 93.1822411494
10 20 84.5238377628
20 10 24.2328398359
10 21 30.1795171876
21 10 82.8017553482
10 22 30.3436731919
22 10 94.5849295858
10 23 46.5428437404
23 10 32.3884127907
10 24 65.8740279901
24 10 26.1892374469
11 12 70.9244065554
12 11 55.488705761
11 13 95.3293282404
13 11 3.81507107553
11 14 84.6260839427
14 11 87.4911287612
11 15 42.7723326926
15 11 33.6316503923
11 16 89.2964318155
16 11 59.7694402254
11 17 78.6777339163
17 11 29.4492957941
11 18 34.9411694065
18 11 48.3432471865
11 19 92.5576235801
19 11 71.9434292081
11 20 9.53230727411
20 11 97.3360111605
11 21 50.7237586343
21 11 56.3768594901
11 22 15.6994679276
22 11 12.2197517842
11 23 51.8290203827
23 11 65.7777501034
11 24 39.8863987047
24 11 73.9413305801
12 13 31.0160790111
13 12 44.9083067311
12 14 88.4016462513
14 12 67.2104894581
12 15 62.9067067827
15 12 55.3580913282
12 16 8.54679331436
16 12 36.2673113389
12 17 86.1525387731
17 12 64.9837508838
12 18 59.0977972582
18 12 39.3790211746
12 19 69.7617801035
19 12 68.3870504104
12 20 55.551543354
20 12 18.5726831347
12 21 69.8600270101
21 12 80.3499338481
12 22 20.4978450762
22 12 79.4486994362
12 23 91.8556123268
23 12 90.7553011421
12 24 80.7030788954
24 12 83.396489582
13 14 56.1332935733
14 13 52.5906999621
13 15 6.05451197047
15 13 19.6284467641
13 16 85.9504754834
16 13 38.4143761944
13 17 4.23449878019
17 13 71.303121681
13 18 7.11009504458
18 13 66.3194510612
13 19 47.0962597626
19 13 61.4238092271
13 20 34.8017890555
20 13 97.4549187966
13 21 31.0000576193
21 13 74.5891715914
13 22 97.0434246574
22 13 75.7751686887
13 23 64.5916629683
23 13 22.9486722426
13 24 61.8348428414
24 13 63.3756199702
14 15 94.9645062441
15 14 70.1907333425
14 16 63.0036280758
16 14 69.6749397819
14 17 91.5533985392
17 14 39.0456604178
14 18 48.0380411513
18 14 62.2320930865
14 19 73.214938714
19 14 35.4391873127
14 20 94.8232781285
20 14 37.4263727652
14 21 51.4150654689
21 14 45.9334544989
14 22 27.0517556298
22 14 75.2333298188
14 23 38.9149310041
23 14 1.70620900213
14 24 61.0945401576
24 14 90.6859049024
15 16 93.7922128834
16 15 71.568946578
15 17 39.6778265989
17 15 86.070146493
15 18 51.2896280259
18 15 86.5936906265
15 19 16.6016730569
19 15 34.140015965
15 20 73.0225711916
20 15 85.1046010745
15 21 83.1292615822
21 15 13.2444787587
15 22 57.7592915181
22 15 13.932052512
15 23 15.8351869475
23 15 18.886838322
15 24 69.5133128899
24 15 38.4392929802
16 17 8.39429115543
17 16 5.9495351823
16 18 33.2690718265
18 16 34.5188801301
16 19 64.2165282118
19 16 87.03875233
16 20 33.4004140586
20 16 61.174112934
16 21 70.410115043
21 16 11.5193970812
16 22 51.1360872493
22 16 71.3603890025
16 23 1.22665522121
23 16 11.3170414524
16 24 58.9164519914
24 16 84.3952743341
17 18 97.1925059503
18 17 95.9149886592
17 19 55.4298120142
19 17 52.5193538755
17 20 49.3973531512
20 17 31.5677185701
17 21 7.26618876489
21 17 60.2918724566
17 22 85.4975144244
22 17 43.99926612
17 23 75.4998928816
23 17 26.5815971014
17 24 17.9546187096
24 17 79.9481580395
18 19 50.979794748
19 18 28.0455280945
18 20 60.0729754509
20 18 98.1772605278
18 21 19.7062394317
21 18 29.6110838246
18 22 71.8488972201
22 18 57.8844882905
18 23 33.2764472632
23 18 15.7764351371
18 24 73.7886990804
24 18 42.7193117978
19 20 8.23512956491
20 19 96.9359715858
19 21 90.7238738827
21 19 77.4257414836
19 22 81.8888329055
22 19 98.936447205
19 23 44.8112325971
23 19 41.4633402579
19 24 14.3334775375
24 19 44.1701507465
20 21 52.211632828
21 20 97.3696280318
20 22 58.8244854444
22 20 5.37080336529
20 23 85.1824834211
23 20 85.327904499
20 24 83.3074432629
24 20 88.0222922647
21 22 86.7223880069
22 21 16.597393861
21 23 65.418235221
23 21 70.5078027121
21 24 45.4933891152
24 21 3.24248841652
22 23 59.5698105546
23 22 27.3168531994
22 24 78.6134826229
24 22 50.6530240887
23 24 6.29305913515
24 23 21.7342323837
