27
702
0 0 0.0
0 1 80.2843136505
0 2 97.1585372308
0 3 29.1539426669
0 4 80.6053804315
0 5 93.7921007072
0 6 99.8348987085
0 7 24.9798204227
0 8 44.7706983454
0 9 64.3302100236
0 10 3.33641247179
0 11 67.2544469158
0 12 80.1734017373
0 13 63.7512057692
0 14 58.1658558949
0 15 52.9872436851
0 16 10.1533379841
0 17 88.0886207936
0 18 55.9269803622
0 19 48.039938925
0 20 34.6110203279
0 21 66.0911698827
0 22 68.8622122802
0 23 68.4179665676
0 24 10.8548373408
0 25 78.8637196645
0 26 68.5586701795
1 0 11.9282104049
1 1 0.0
1 2 94.1858308112
1 3 62.8370155629
1 4 5.55748850253
1 5 56.4121946665
1 6 39.766901407
1 7 64.2726194601
1 8 18.7640949896
1 9 31.8635975823
1 10 7.33743453159
1 11 2.82082447146
1 12 55.7606058305
1 13 42.6081319083
1 14 45.983062805
1 15 73.0706659713
1 16 4.8952747595
1 17 34.6059014047
1 18 25.2236791734
1 19 14.4777427529
1 20 59.4713669553
1 21 83.6150172815
1 22 23.064489109
1 23 58.6657280857
1 24 68.5492052309
1 25 95.412908627
1 26 67.6071881751
2 0 31.1626040463
2 1 32.4070055401
2 2 0.0
2 3 46.2331894694
2 4 28.8419621495
2 5 87.3649858509
2 6 42.1714720507
2 7 27.8604882746
2 8 50.8873899081
2 9 19.7564861924
2 10 33.7955132291
2 11 82.6880356122
2 12 74.2855084587
2 13 48.8042355703
2 14 23.4672477892
2 15 80.1578955279
2 16 33.7885075537
2 17 99.4908725084
2 18 97.0078104063
2 19 37.9603821027
2 20 74.9930536127
2 21 63.8734807451
2 22 85.1594650423
2 23 18.3852038981
2 24 75.2863840525
2 25 87.089985168
2 26 63.101315271
3 0 24.2443987282
3 1 78.162496855
3 2 91.4710823191
3 3 0.0
3 4 44.9181097921
3 5 61.0297402599
3 6 71.029407177
3 7 2.41469463052
3 8 69.6798104126
3 9 13.7264592666
3 10 74.9718715459
3 11 19.8202985216
3 12 22.2366898687
3 13 99.4170801334
3 14 91.5663588613
3 15 29.4625114274
3 16 87.3343217251
3 17 7.40066086807
3 18 3.29398709
3 19 37.2729726602
3 20 16.5121532698
3 21 66.000821885
3 22 13.3421747548
3 23 20.2013816081
3 24 76.3591261846
3 25 6.28499912143
3 26 94.6272624937
4 0 19.667280048
4 1 63.9628744988
4 2 2.66050387075
4 3 49.3892244079
4 4 0.0
4 5 85.1351677856
4 6 26.117362169
4 7 29.143356693
4 8 36.7718134394
4 9 57.6031317346
4 10 35.7846600411
4 11 59.5211147271
4 12 9.29224622702
4 13 91.1063683784
4 14 46.4184495627
4 15 69.3281590248
4 16 13.7560189891
4 17 65.36765017
4 18 45.962356259
4 19 15.8378080559
4 20 32.285971064
4 21 30.1866352686
4 22 94.7526797819
4 23 15.8510552293
4 24 15.4625175786
4 25 32.6905690662
4 26 77.311543511
5 0 36.2065025882
5 1 45.2694794983
5 2 75.4538367544
5 3 75.4535962556
5 4 86.4363435786
5 5 0.0
5 6 78.4122217508
5 7 6.5499420326
5 8 78.8709652851
5 9 76.1471762919
5 10 97.9947348965
5 11 8.39707876026
5 12 37.3023415158
5 13 26.589857303
5 14 71.1694830941
5 15 3.14875555747
5 16 71.7956997391
5 17 77.783340719
5 18 68.9042096098
5 19 79.4583848615
5 20 50.5311167773
5 21 29.6890449916
5 22 23.4394703611
5 23 43.6955940424
5 24 48.5806302382
5 25 31.1581891842
5 26 73.0389073153
6 0 91.1694242
6 1 94.2217322543
6 2 59.6340403245
6 3 51.1428654181
6 4 63.1124056731
6 5 50.7850799279
6 6 0.0
6 7 95.4753048447
6 8 12.7360413428
6 9 7.75489027449
6 10 50.3968967
6 11 84.1661706507
6 12 42.9754123907
6 13 7.1049301946
6 14 88.9629622866
6 15 42.9290447404
6 16 26.1981776006
6 17 91.8029675931
6 18 35.4240409373
6 19 84.3174729609
6 20 39.8985397858
6 21 28.1753331291
6 22 15.4875846019
6 23 80.1621193608
6 24 1.02656938923
6 25 39.0562982487
6 26 27.9502827648
7 0 3.55429993821
7 1 87.3437587573
7 2 27.6002245298
7 3 74.7954399384
7 4 31.3112066282
7 5 39.3574208961
7 6 82.2442755143
7 7 0.0
7 8 59.320108588
7 9 76.1279971136
7 10 66.2682817871
7 11 63.2457394626
7 12 87.8296367525
7 13 88.50446957
7 14 29.8203290497
7 15 92.3276239415
7 16 39.0341639244
7 17 11.9448175272
7 18 85.5620817488
7 19 46.3844687273
7 20 82.0889865801
7 21 89.1973114278
7 22 3.58049052901
7 23 89.6372197683
7 24 1.40141801061
7 25 16.6647877901
7 26 24.3078352272
8 0 27.3530189814
8 1 58.7595159406
8 2 6.84618932619
8 3 36.82613855
8 4 47.4826859733
8 5 64.9074644251
8 6 62.1530873564
8 7 96.8946079287
8 8 0.0
8 9 60.0353617357
8 10 25.0138576854
8 11 36.5028489898
8 12 9.29357580685
8 13 55.6126788049
8 14 78.6043273545
8 15 86.4267540404
8 16 7.19523862748
8 17 13.5193281306
8 18 37.4939165802
8 19 22.5725078058
8 20 93.7726155823
8 21 40.1424888071
8 22 8.90732162339
8 23 8.59398636372
8 24 78.0140994776
8 25 82.6745224361
8 26 1.10751651445
9 0 96.3489077164
9 1 38.6628827819
9 2 62.9466726645
9 3 42.7296515113
9 4 39.8308249269
9 5 76.8013487201
9 6 11.6469474299
9 7 89.6689301751
9 8 44.8652373367
9 9 0.0
9 10 76.9886332425
9 11 35.3034357021
9 12 45.5165803227
9 13 85.7095495939
9 14 85.340269061
9 15 45.533280847
9 16 60.6300434809
9 17 18.9658263337
9 18 64.7614245064
9 19 64.0916074648
9 20 19.125189214
9 21 91.7971431871
9 22 68.4153876884
9 23 36.1445227401
9 24 47.5317541891
9 25 49.383526041
9 26 20.5259037427
10 0 54.9588384788
10 1 7.89514356612
10 2 26.5154248778
10 3 19.6557084409
10 4 71.2245125312
10 5 71.0926782658
10 6 41.9536156333
10 7 62.3467916991
10 8 89.4732954132
10 9 51.9003939663
10 10 0.0
10 11 6.20264786142
10 12 3.3381813146
10 13 44.2235790554
10 14 17.4951051855
10 15 80.3555993643
10 16 67.3693199923
10 17 22.3651522342
10 18 86.0037401036
10 19 48.9612759732
10 20 77.2434365272
10 21 61.0767826313
10 22 54.6190290639
10 23 71.6244718258
10 24 71.542417826
10 25 58.3266825997
10 26 50.8704510322
11 0 16.3397707728
11 1 10.9692112535
11 2 43.1213042039
11 3 72.9940912758
11 4 39.2705909484
11 5 93.678706643
11 6 8.67077879635
11 7 95.5260495841
11 8 15.3913065885
11 9 4.01847870621
11 10 53.1094197327
11 11 0.0
11 12 36.4666183474
11 13 92.1887493537
11 14 48.5930036694
11 15 11.4123220371
11 16 82.111457378
11 17 96.9482406457
11 18 2.87882267673
11 19 40.0560757646
11 20 3.76701700275
11 21 61.311429378
11 22 8.98849008333
11 23 21.5767998007
11 24 60.9406486945
11 25 79.6269280088
11 26 79.2803016346
12 0 48.5222957565
12 1 6.29981353882
12 2 90.1290225656
12 3 35.857190923
12 4 68.8077625667
12 5 91.514653
12 6 25.186401709
12 7 84.0368591321
12 8 57.6041670757
12 9 70.0887188724
12 10 23.4468811147
12 11 27.9197117378
12 12 0.0
12 13 12.6353890431
12 14 39.0907041214
12 15 69.1316494871
12 16 82.1347029809
12 17 39.7093846875
12 18 71.9755785055
12 19 32.4327929118
12 20 46.8934196684
12 21 14.1335274845
12 22 23.318500919
12 23 74.6833846267
12 24 12.6346887031
12 25 8.24194670916
12 26 8.86757025971
13 0 27.7569078281
13 1 97.8166087027
13 2 63.3701724098
13 3 21.1930354047
13 4 76.2083491628
13 5 22.8289747362
13 6 95.0166186936
13 7 79.8426647512
13 8 63.2876217399
13 9 37.2616474693
13 10 86.7205116709
13 11 84.8031909313
13 12 38.2544911436
13 13 0.0
13 14 54.0704000796
13 15 10.1734651281
13 16 26.6192355597
13 17 43.765127802
13 18 46.0846019348
13 19 89.6828025763
13 20 17.9833434762
13 21 84.1690152455
13 22 72.2920690116
13 23 60.5638264893
13 24 56.0398337952
13 25 57.9414629733
13 26 4.62170687138
14 0 9.94482512754
14 1 88.6010034582
14 2 77.0058372394
14 3 29.0711278331
14 4 29.6357133946
14 5 66.9480371627
14 6 7.08626416782
14 7 61.2263582282
14 8 38.5940018179
14 9 83.754918992
14 10 19.3240512165
14 11 72.1892599613
14 12 70.4349214625
14 13 95.7602488521
14 14 0.0
14 15 78.1437355892
14 16 45.1412038203
14 17 51.1749320001
14 18 45.3686328475
14 19 51.3589480555
14 20 93.2034510761
14 21 80.0161794007
14 22 56.6941372373
14 23 52.2240549636
14 24 25.1543252486
14 25 89.3972806578
14 26 39.8150528647
15 0 10.133773883
15 1 92.6213349613
15 2 39.9448871693
15 3 1.90043777917
15 4 29.8361182671
15 5 70.1195615457
15 6 32.6428455161
15 7 89.5432008452
15 8 54.0618760226
15 9 14.4053764351
15 10 67.6687412429
15 11 30.0767697292
15 12 2.96618629856
15 13 73.1334008338
15 14 33.8871025878
15 15 0.0
15 16 54.0992843575
15 17 97.8371418725
15 18 88.2022808575
15 19 62.2312194766
15 20 31.9980269402
15 21 22.9166086203
15 22 32.0802696329
15 23 42.687872781
15 24 68.8564008116
15 25 41.7285332067
15 26 42.2587767727
16 0 32.5238522004
16 1 94.3949089117
16 2 39.7986823154
16 3 92.2103373501
16 4 14.1759724908
16 5 87.2378432749
16 6 74.4551262296
16 7 18.0701551383
16 8 45.3784625208
16 9 35.4054716219
16 10 3.92030731979
16 11 29.1232083499
16 12 74.8123697642
16 13 20.309484968
16 14 21.3970043814
16 15 12.8243718094
16 16 0.0
16 17 86.8214047977
16 18 67.8464744027
16 19 35.1687756502
16 20 16.6542346036
16 21 22.067315791
16 22 13.1233337091
16 23 76.7550182097
16 24 8.18586130577
16 25 48.3082920784
16 26 90.3959632158
17 0 45.4281348019
17 1 12.4863562571
17 2 23.9388257985
17 3 24.649337162
17 4 90.9910061157
17 5 54.5678747507
17 6 52.8110369939
17 7 31.6820820705
17 8 73.6014965906
17 9 76.1500189113
17 10 26.4503316432
17 11 24.3999831812
17 12 44.9403940934
17 13 34.985542916
17 14 95.7069489786
17 15 50.8422816234
17 16 20.4437736767
17 17 0.0
17 18 31.842942349
17 19 89.6625884882
17 20 74.0389908934
17 21 88.3475451402
17 22 79.1179556593
17 23 85.6701456459
17 24 47.4037294927
17 25 79.8184297526
17 26 4.05717850075
18 0 73.85105552
18 1 92.9798012802
18 2 92.7008907515
18 3 61.8959669309
18 4 23.9370553793
18 5 93.000033372
18 6 28.4438203901
18 7 15.4136764407
18 8 37.5387882337
18 9 79.6565989348
18 10 36.3600069645
18 11 61.1307240166
18 12 39.9000130954
18 13 92.4564322629
18 14 23.8673152372
18 15 80.5023622685
18 16 96.9274269765
18 17 51.2544724731
18 18 0.0
18 19 68.203456515
18 20 68.2593222636
18 21 80.993931882
18 22 88.3304571194
18 23 83.5624937811
18 24 70.5728804286
18 25 54.8551654641
18 26 5.43984939214
19 0 74.8141512016
19 1 64.9899281394
19 2 17.9704891515
19 3 30.9887973247
19 4 50.0642160437
19 5 55.3087904479
19 6 91.0874417434
19 7 11.3862102799
19 8 78.4116236601
19 9 98.5502415576
19 10 22.0709930728
19 11 82.2667589313
19 12 8.64393645381
19 13 53.2853482444
19 14 45.4669816781
19 15 37.2969212268
19 16 84.6915881244
19 17 68.3047696381
19 18 76.7991764935
19 19 0.0
19 20 77.1763989794
19 21 41.7205161372
19 22 9.03929677057
19 23 5.44238517592
19 24 29.7378539351
19 25 64.7063070236
19 26 22.4515369191
20 0 30.1891365713
20 1 77.1119099135
20 2 81.5328194138
20 3 50.564479382
20 4 97.2666909523
20 5 75.6631290589
20 6 6.4529672519
20 7 49.4621776681
20 8 43.442918687
20 9 83.7450906921
20 10 31.0755883537
20 11 43.7490674248
20 12 71.8874807885
20 13 57.4513624245
20 14 87.2609667524
20 15 65.5169485637
20 16 83.1090945784
20 17 52.8508877732
20 18 62.470690477
20 19 81.2723326974
20 20 0.0
20 21 28.7029715259
20 22 15.3215578952
20 23 68.485088279
20 24 54.6062098619
20 25 14.0375485837
20 26 94.7361990165
21 0 46.1179614982
21 1 27.4365064182
21 2 66.8094802323
21 3 7.12121649786
21 4 61.6013263621
21 5 54.4956131702
21 6 22.9826249976
21 7 43.8173257959
21 8 97.4974217094
21 9 6.53814438002
21 10 29.4444293447
21 11 37.341568171
21 12 27.4530855468
21 13 42.3119820012
21 14 24.3698433198
21 15 19.5946626437
21 16 76.6948773422
21 17 72.7638676063
21 18 64.5316584658
21 19 60.6888330936
21 20 92.1236436513
21 21 0.0
21 22 52.2040063264
21 23 62.6124156866
21 24 52.2608964892
21 25 95.2375802624
21 26 46.4893185553
22 0 35.7989752629
22 1 10.1431063809
22 2 24.6134911565
22 3 73.7819274803
22 4 91.9630315421
22 5 23.9954853456
22 6 98.5016871851
22 7 47.3736393568
22 8 32.7562648529
22 9 95.2703251382
22 10 52.7506860709
22 11 48.3300134848
22 12 56.3161318624
22 13 92.5895411807
22 14 15.6714225703
22 15 51.9633650375
22 16 24.7240168365
22 17 18.7840455092
22 18 83.6058247139
22 19 54.4867469104
22 20 17.405226651
22 21 12.9367639964
22 22 0.0
22 23 86.5423208055
22 24 53.5053282112
22 25 62.1721288691
22 26 82.2631653545
23 0 73.4260966791
23 1 93.4980315291
23 2 41.2466101035
23 3 42.4243759655
23 4 66.4248043687
23 5 43.6190629612
23 6 92.5421207786
23 7 76.317616007
23 8 43.4949431814
23 9 63.9214176464
23 10 35.7359713947
23 11 7.8312922095
23 12 49.2224205213
23 13 27.3426401295
23 14 61.8713659132
23 15 31.0317001633
23 16 52.6905980375
23 17 56.9649931352
23 18 93.141190533
23 19 7.285650084
23 20 54.0656387705
23 21 48.1146697055
23 22 67.6371355729
23 23 0.0
23 24 86.199082277
23 25 31.2565259315
23 26 29.3295468661
24 0 81.8859326893
24 1 80.110352927
24 2 31.8711336722
24 3 47.683037221
24 4 49.6474152239
24 5 80.6606574245
24 6 83.780589299
24 7 43.7502178424
24 8 37.5961685233
24 9 52.3949157062
24 10 75.6177182604
24 11 46.5620624988
24 12 20.8214762801
24 13 59.4392150104
24 14 95.3362575625
24 15 61.2689973511
24 16 81.8803370708
24 17 54.0852331701
24 18 75.7971603008
24 19 5.06200009987
24 20 9.24756535519
24 21 81.5894686389
24 22 94.7813252677
24 23 28.4470442524
24 24 0.0
24 25 41.0070209342
24 26 28.9358432952
25 0 36.3800025639
25 1 53.7344660553
25 2 68.4176729549
25 3 55.1737946497
25 4 58.4245310506
25 5 59.2824388679
25 6 40.1977815261
25 7 13.6596917391
25 8 73.6053399691
25 9 6.4230514916
25 10 34.3627558084
25 11 57.7398131989
25 12 58.0343648257
25 13 21.8354805231
25 14 63.0916074389
25 15 42.7161386215
25 16 61.1347023664
25 17 94.4318511852
25 18 49.0805037686
25 19 57.2875521867
25 20 60.9554336048
25 21 64.1013041827
25 22 49.0832307112
25 23 86.0497156605
25 24 8.93847399073
25 25 0.0
25 26 30.202547061
26 0 93.8119344949
26 1 90.5499136731
26 2 54.7097151593
26 3 81.5875393202
26 4 97.6775532036
26 5 60.1839340748
26 6 66.7823494275
26 7 82.8726452614
26 8 69.7991254538
26 9 90.5884208849
26 10 26.6791955499
26 11 26.2804406762
26 12 61.9624535516
26 13 46.34106802
26 14 34.8676187191
26 15 26.4088258392
26 16 31.7805266198
26 17 13.3109803488
26 18 83.593542192
26 19 43.7633212059
26 20 77.2046316258
26 21 20.877400666
26 22 6.30005625094
26 23 27.4889849199
26 24 83.5736374985
26 25 34.6683877546
26 26 0.0