28
756
0 0 0.0
0 1 41.3993776824
0 2 33.6983848642
0 3 30.5415572451
0 4 7.1451156945
0 5 66.6827948922
0 6 47.3272064362
0 7 89.3701489218
0 8 46.4076768661
0 9 1.56732344507
0 10 90.8628105469
0 11 61.3629352433
0 12 74.394558126
0 13 83.7319874537
0 14 20.3385911779
0 15 24.5413697846
0 16 79.5600545909
0 17 28.9540048762
0 18 81.4142122908
0 19 79.8110115562
0 20 16.8684939877
0 21 59.8111041774
0 22 26.667629658
0 23 45.2239722651
0 24 91.669105018
0 25 50.5112561962
0 26 33.6953501228
0 27 58.3732537873
1 0 89.9306434035
1 1 0.0
1 2 88.9365238251
1 3 33.597959277
1 4 76.5255664861
1 5 78.4042704112
1 6 95.7694099228
1 7 79.389994794
1 8 24.9580534406
1 9 3.44308330887
1 10 60.3991380964
1 11 44.1344523641
1 12 87.3258783318
1 13 92.4892968894
1 14 60.2179546103
1 15 80.9140510083
1 16 32.1591625952
1 17 8.69974000217
1 18 40.7427873463
1 19 34.3763432942
1 20 98.7186580783
1 21 69.5475618416
1 22 26.6333663305
1 23 35.9365161405
1 24 61.033232823
1 25 20.3585455986
1 26 84.8976027719
1 27 69.456533009
2 0 35.3144485948
2 1 52.4597016863
2 2 0.0
2 3 16.3518632652
2 4 31.540900417
2 5 32.7748148713
2 6 53.937068142
2 7 61.7811827876
2 8 32.6060621134
2 9 95.0327643993
2 10 69.0205106429
2 11 5.15557115661
2 12 19.4146101145
2 13 34.2224435077
2 14 5.66569937688
2 15 36.0497297777
2 16 6.79463965426
2 17 27.5827701358
2 18 45.2696007622
2 19 4.01294507679
2 20 99.3377957136
2 21 28.5999871023
2 22 19.0882212299
2 23 90.6954255253
2 24 88.9208425407
2 25 53.7488974239
2 26 5.56619070514
2 27 48.5765773522
3 0 91.7938615078
3 1 95.9139816227
3 2 35.7258932399
3 3 0.0
3 4 72.4838887997
3 5 82.7015856542
3 6 25.6878514451
3 7 51.327308247
3 8 20.3828145908
3 9 36.2835818294
3 10 14.4840717366
3 11 10.7259102599
3 12 8.25947746499
3 13 26.4071353959
3 14 8.28002286448
3 15 2.22668634075
3 16 74.436959597
3 17 12.6608834966
3 18 59.8610472165
3 19 94.1498781291
3 20 24.6222219584
3 21 52.1693723261
3 22 58.85744991
3 23 9.48205067867
3 24 93.1472880772
3 25 20.5544459648
3 26 14.0503890617
3 27 72.8207443667
4 0 19.0964716741
4 1 57.8065806402
4 2 65.8320474096
4 3 5.95301509893
4 4 0.0
4 5 91.7781842056
4 6 97.7850641078
4 7 17.2845530316
4 8 24.9260023706
4 9 25.1498917609
4 10 56.0770296728
4 11 98.493594029
4 12 34.4459991673
4 13 57.7007453772
4 14 50.993255963
4 15 16.1049920287
4 16 30.5878311967
4 17 73.1016802534
4 18 53.151923633
4 19 51.1946821498
4 20 6.41609435431
4 21 83.0567156916
4 22 65.9046560772
4 23 74.7370454013
4 24 44.7514837419
4 25 6.55995170356
4 26 90.7604417911
4 27 41.1989378214
5 0 89.7268415322
5 1 82.0177333772
5 2 82.1079148166
5 3 58.3252398314
5 4 2.21430268243
5 5 0.0
5 6 19.9337927318
5 7 86.2058614001
5 8 23.366252142
5 9 49.5361290697
5 10 84.9077659759
5 11 77.9913513066
5 12 76.8783009963
5 13 62.8783085496
5 14 86.9221118304
5 15 53.2480518922
5 16 88.6123893141
5 17 37.9469380711
5 18 55.8375394056
5 19 11.9872144595
5 20 29.5601698367
5 21 33.9860980106
5 22 47.8502908645
5 23 70.9344519214
5 24 38.0481804716
5 25 95.5804391901
5 26 95.1217047423
5 27 70.4442084093
6 0 40.7802362724
6 1 65.9961556216
6 2 11.7450987528
6 3 45.802932787
6 4 39.1827295437
6 5 87.5906695444
6 6 0.0
6 7 64.9342863242
6 8 54.2308889361
6 9 66.4836317557
6 10 97.7382564207
6 11 25.1246011661
6 12 51.6777810362
6 13 55.9983048034
6 14 26.942099675
6 15 68.9796636965
6 16 79.9829738048
6 17 23.4065248036
6 18 63.8783010926
6 19 6.52686831039
6 20 96.8774093865
6 21 19.9902852322
6 22 63.0322862502
6 23 20.4017461432
6 24 32.1591185872
6 25 62.6832723804
6 26 11.5465644095
6 27 44.59381942
7 0 40.4558170508
7 1 42.6841333517
7 2 59.0062095909
7 3 3.31507536251
7 4 58.7232697515
7 5 83.1011522655
7 6 15.5148625679
7 7 0.0
7 8 19.6049047388
7 9 29.8743929936
7 10 80.3445953065
7 11 4.29801951043
7 12 18.427926967
7 13 31.8442432986
7 14 2.62601448337
7 15 43.4875567634
7 16 60.7637174829
7 17 75.5426180384
7 18 10.7597459804
7 19 10.8414403025
7 20 93.9975994874
7 21 44.4323760985
7 22 76.1847399655
7 23 56.0386237989
7 24 85.1794682943
7 25 99.1782682013
7 26 13.7738727491
7 27 1.99748051984
8 0 95.7035725931
8 1 34.1050653136
8 2 4.80960937639
8 3 93.9219960768
8 4 13.2045962854
8 5 69.6681664535
8 6 48.1621670556
8 7 3.91246494734
8 8 0.0
8 9 35.8070415489
8 10 71.2903333565
8 11 52.0005180488
8 12 77.9632445203
8 13 73.0923696696
8 14 53.3885514061
8 15 37.7765917581
8 16 32.2397727945
8 17 82.2426099346
8 18 43.2315868791
8 19 11.8260716459
8 20 91.6205674518
8 21 63.8053711749
8 22 39.1920411653
8 23 6.23344981326
8 24 70.8810292387
8 25 46.6187225795
8 26 17.0935425799
8 27 6.27036307541
9 0 40.5651861529
9 1 82.8837255824
9 2 65.3037038318
9 3 23.4946511909
9 4 79.1707758116
9 5 2.29811972091
9 6 33.1573678932
9 7 78.4685948751
9 8 24.9978034299
9 9 0.0
9 10 76.6609366037
9 11 65.2888060416
9 12 15.103316922
9 13 17.76984284
9 14 20.7275616094
9 15 93.2358346133
9 16 77.2277899591
9 17 69.9135753585
9 18 79.4308415497
9 19 86.0791077864
9 20 54.3926652862
9 21 35.2272320105
9 22 39.6461776744
9 23 54.0000734659
9 24 23.782702165
9 25 96.3741747334
9 26 84.9165349438
9 27 79.3379409868
10 0 50.8559201262
10 1 76.4279252583
10 2 53.7652307896
10 3 79.8924217373
10 4 62.6394263821
10 5 71.3444586344
10 6 80.430424937
10 7 89.6631972211
10 8 45.1693165833
10 9 38.8217205041
10 10 0.0
10 11 6.79128775154
10 12 50.4164448663
10 13 98.0944944508
10 14 80.3193024577
10 15 34.0237617969
10 16 21.6655866614
10 17 31.3247262796
10 18 51.6200484856
10 19 77.9729234231
10 20 70.1636217586
10 21 39.8142144687
10 22 5.36603786101
10 23 53.7842957559
10 24 96.005210251
10 25 89.5777725692
10 26 62.211971509
10 27 84.5938469121
11 0 29.5621893285
11 1 3.50626199497
11 2 41.9953146852
11 3 77.6436190134
11 4 38.2458935043
11 5 61.1041609432
11 6 1.3165677749
11 7 35.5347022339
11 8 2.22633201993
11 9 91.3848195244
11 10 4.58940838338
11 11 0.0
11 12 85.5213932897
11 13 65.2938145494
11 14 61.7816724159
11 15 39.228575009
11 16 25.6259546906
11 17 84.3478410367
11 18 8.65318243667
11 19 74.6999617961
11 20 63.66477082
11 21 44.5464403693
11 22 59.9100683471
11 23 96.5788430685
11 24 73.429858606
11 25 74.7138189661
11 26 80.2105150707
11 27 32.0292808418
12 0 87.9338878105
12 1 95.5901297767
12 2 19.1005352661
12 3 66.9837846328
12 4 49.6322411002
12 5 13.9910189576
12 6 31.5563180025
12 7 5.69185346564
12 8 77.2721073438
12 9 10.7570472357
12 10 15.5159276338
12 11 66.7848607889
12 12 0.0
12 13 87.4529953519
12 14 32.20860994
12 15 13.3220255055
12 16 68.6499325511
12 17 47.3549244713
12 18 41.0148909724
12 19 46.3151442617
12 20 78.1875712334
12 21 33.6660954172
12 22 30.2027089343
12 23 22.3188612039
12 24 95.762690564
12 25 15.7148200469
12 26 22.2040274736
12 27 42.3782552393
13 0 81.0648047441
13 1 25.7467020933
13 2 4.51824524158
13 3 58.0095131558
13 4 35.156582048
13 5 41.2300078531
13 6 46.0192392867
13 7 16.2131694935
13 8 59.8695780224
13 9 2.42816638644
13 10 34.6821879563
13 11 80.5369665255
13 12 74.4793923958
13 13 0.0
13 14 58.8762478671
13 15 12.0917914059
13 16 60.2946938819
13 17 12.6861424607
13 18 60.9600470868
13 19 62.801915808
13 20 16.687244088
13 21 13.9257336826
13 22 59.3641685286
13 23 1.76241968218
13 24 37.9220051795
13 25 14.5068338324
13 26 41.5609264554
13 27 41.6069169008
14 0 50.7723672939
14 1 37.3759119542
14 2 55.4366138377
14 3 41.5834642718
14 4 96.8162578971
14 5 56.1870100413
14 6 37.5855890729
14 7 2.86135173234
14 8 57.7976467096
14 9 77.0611220417
14 10 38.3697011663
14 11 33.1506002999
14 12 42.0368004921
14 13 29.6962378727
14 14 0.0
14 15 18.210924723
14 16 85.5410596298
14 17 44.449370265
14 18 9.16626674633
14 19 74.705905064
14 20 74.8120498241
14 21 44.284619218
14 22 24.3104109429
14 23 27.096481506
14 24 19.9156891646
14 25 61.8213563208
14 26 53.8398664208
14 27 16.9969238248
15 0 67.6472960386
15 1 9.75427778866
15 2 34.9148554014
15 3 95.5945221185
15 4 25.5251229006
15 5 9.02875013323
15 6 89.9963682509
15 7 63.5831225824
15 8 91.5267553989
15 9 14.5387979789
15 10 89.8310234601
15 11 20.0216217654
15 12 81.583150374
15 13 60.214807576
15 14 53.9382333208
15 15 0.0
15 16 84.5637694495
15 17 30.0916947494
15 18 55.8702097076
15 19 5.2453992255
15 20 78.5818454595
15 21 28.9086401332
15 22 79.8694114259
15 23 9.50776358309
15 24 99.7980910002
15 25 34.7796009289
15 26 14.606651309
15 27 93.2972244386
16 0 5.8419041
16 1 54.0274246777
16 2 64.9150220168
16 3 63.6790785075
16 4 65.8215881614
16 5 91.4487185126
16 6 17.9496153173
16 7 15.0997535424
16 8 93.8590514358
16 9 45.936934357
16 10 64.8608931035
16 11 34.8086762182
16 12 38.0008760625
16 13 56.5907274066
16 14 15.8860021366
16 15 32.7641828178
16 16 0.0
16 17 2.03410351464
16 18 26.7612330154
16 19 26.9664402255
16 20 98.2673443363
16 21 46.7696483863
16 22 76.875808629
16 23 99.6486221216
16 24 82.7705650304
16 25 71.0334075664
16 26 73.7744858537
16 27 21.1273257556
17 0 30.1913974579
17 1 62.9480096648
17 2 40.0184091192
17 3 64.6505415135
17 4 10.4831473976
17 5 2.55455908555
17 6 95.1200931093
17 7 10.703108192
17 8 92.9292419545
17 9 52.174936901
17 10 13.900920454
17 11 12.9313930403
17 12 55.983780011
17 13 98.4110369901
17 14 12.0997342679
17 15 24.6341492887
17 16 55.584507626
17 17 0.0
17 18 36.0588335705
17 19 34.8958263582
17 20 14.0837793974
17 21 82.3136595602
17 22 33.3677889706
17 23 36.4639405086
17 24 93.8944647773
17 25 7.70530285925
17 26 68.2997394615
17 27 72.1553634243
18 0 44.2073932316
18 1 45.606627805
18 2 26.0449622991
18 3 78.606945104
18 4 98.4679873201
18 5 34.7083884685
18 6 67.1959880167
18 7 36.0106859593
18 8 39.0931503645
18 9 89.0166211218
18 10 57.6853665191
18 11 76.5709836591
18 12 89.5246673913
18 13 22.4589096358
18 14 96.7534707592
18 15 91.2633201542
18 16 90.0300593537
18 17 50.3596582673
18 18 0.0
18 19 38.4824796852
18 20 44.031064828
18 21 85.2884405279
18 22 34.2583878995
18 23 20.4297617586
18 24 47.2719636597
18 25 96.4957776569
18 26 48.0570209602
18 27 99.5074881456
19 0 63.0177803806
19 1 64.5435272761
19 2 23.913544978
19 3 14.4432960191
19 4 48.9600997176
19 5 8.43429790978
19 6 43.8499189104
19 7 43.8405364718
19 8 50.9476546176
19 9 55.6980061466
19 10 81.4344145202
19 11 71.9792985939
19 12 6.11270912435
19 13 92.5079040275
19 14 80.4551194753
19 15 78.7026653356
19 16 36.8214864241
19 17 48.2571730372
19 18 86.7750546252
19 19 0.0
19 20 86.3829988415
19 21 38.9437802641
19 22 21.5173665938
19 23 18.3477142749
19 24 45.1021019411
19 25 12.8060889678
19 26 48.2182304491
19 27 97.1248337371
20 0 67.5015593541
20 1 74.9601685331
20 2 63.8889226557
20 3 22.8967224924
20 4 18.587219565
20 5 6.14704121841
20 6 79.7146531985
20 7 3.77146405134
20 8 79.1952696829
20 9 89.2663747413
20 10 68.8857677544
20 11 49.9694010481
20 12 24.5479990679
20 13 82.0172321959
20 14 53.3173636041
20 15 30.9590381467
20 16 23.8397320441
20 17 99.8322147218
20 18 51.1234645722
20 19 15.5320117562
20 20 0.0
20 21 50.5080391629
20 22 49.6387070598
20 23 67.3066007865
20 24 22.1024686232
20 25 55.610640681
20 26 15.9221886442
20 27 65.3449994558
21 0 72.341763336
21 1 65.3831077101
21 2 10.8978504789
21 3 83.5983454622
21 4 23.6220516
21 5 33.9374333123
21 6 89.4345378506
21 7 83.5538830539
21 8 78.3803035351
21 9 62.2433292201
21 10 12.9388317665
21 11 43.5714222802
21 12 99.3068446623
21 13 43.6256062933
21 14 73.4529547683
21 15 54.6827748402
21 16 78.5341729231
21 17 20.7095209371
21 18 94.8186478068
21 19 96.8448082017
21 20 55.9939402395
21 21 0.0
21 22 1.25727018389
21 23 55.3231275302
21 24 59.6025371593
21 25 8.73675796194
21 26 83.7810544661
21 27 4.8759235449
22 0 25.560715466
22 1 11.7630633162
22 2 74.032368695
22 3 34.2265667953
22 4 53.0998443524
22 5 90.717009535
22 6 17.8941742135
22 7 84.0671318501
22 8 13.2798209038
22 9 44.1992792347
22 10 51.5404454962
22 11 17.9694032396
22 12 82.1276358497
22 13 12.5110706939
22 14 12.4143686509
22 15 87.9390625708
22 16 1.18472522483
22 17 83.8615727711
22 18 94.7021442373
22 19 3.31876077484
22 20 6.91395473542
22 21 14.7495171989
22 22 0.0
22 23 7.39956558348
22 24 45.3366212313
22 25 36.0779295779
22 26 2.74809486849
22 27 99.7414665391
23 0 10.3347171737
23 1 14.1018602381
23 2 62.3155171635
23 3 1.97108839252
23 4 42.6904480424
23 5 12.7479722454
23 6 66.9292642923
23 7 19.8025154718
23 8 95.230315866
23 9 56.3862914994
23 10 36.1764864881
23 11 9.53846679663
23 12 34.412878234
23 13 9.60497330691
23 14 73.3822819541
23 15 84.099837146
23 16 44.6960424279
23 17 8.12466518447
23 18 76.1633775696
23 19 8.5012964848
23 20 60.6367709886
23 21 30.0971984123
23 22 30.1759188765
23 23 0.0
23 24 25.4369875893
23 25 39.0400270139
23 26 91.2763216451
23 27 23.8068118308
24 0 77.1086141959
24 1 4.26014899494
24 2 35.2870417385
24 3 41.3667420378
24 4 5.64472649158
24 5 24.184039567
24 6 97.3602938322
24 7 47.6550239091
24 8 66.0400433113
24 9 41.1586309274
24 10 61.1969200382
24 11 24.0663069544
24 12 67.8583463038
24 13 31.2591409862
24 14 41.4391574058
24 15 91.0277715103
24 16 52.3835812287
24 17 76.4317829666
24 18 10.2972230552
24 19 76.7631512681
24 20 23.4324379283
24 21 52.6589095233
24 22 91.7872415929
24 23 67.3713944538
24 24 0.0
24 25 18.3929183423
24 26 10.6226639995
24 27 55.3849412543
25 0 46.6991345508
25 1 76.1838801929
25 2 19.7076338708
25 3 8.13905408823
25 4 97.6711154309
25 5 90.7902274882
25 6 91.3726810411
25 7 49.4546753613
25 8 90.739161804
25 9 50.4700673119
25 10 45.0297917791
25 11 38.2025226746
25 12 40.5726820136
25 13 88.9604765012
25 14 80.6240075622
25 15 80.2954015297
25 16 14.2554046065
25 17 45.4803536642
25 18 34.6934296605
25 19 83.3672213272
25 20 79.3198185787
25 21 52.3971836883
25 22 22.3862051147
25 23 8.74648337968
25 24 60.8445027444
25 25 0.0
25 26 55.5285032325
25 27 73.9441089792
26 0 34.3976731277
26 1 15.4612618413
26 2 34.1477274554
26 3 68.9529849094
26 4 2.64540969595
26 5 56.6649750844
26 6 84.4039187908
26 7 70.9974581365
26 8 15.9309675283
26 9 46.6931615177
26 10 35.779162205
26 11 3.94370930154
26 12 98.2217085218
26 13 4.55696020411
26 14 14.7630670435
26 15 54.8050678016
26 16 21.8911535506
26 17 6.83013523859
26 18 47.3043475163
26 19 52.2632096795
26 20 40.2079235309
26 21 63.6228624183
26 22 28.9204155457
26 23 29.9026465911
26 24 33.6266912223
26 25 85.4874594338
26 26 0.0
26 27 46.6372144896
27 0 11.0488405465
27 1 95.8156141038
27 2 35.0217441541
27 3 38.0521419876
27 4 3.63782457454
27 5 30.1283043072
27 6 40.0257837731
27 7 73.1299917837
27 8 31.4819171799
27 9 42.4177926973
27 10 57.1003553629
27 11 52.7038596148
27 12 49.6163000723
27 13 39.2306698356
27 14 3.6716483025
27 15 45.4699858853
27 16 84.2151498583
27 17 32.1613885076
27 18 15.949701388
27 19 86.6423412637
27 20 97.6103579946
27 21 5.59132013038
27 22 18.1857274734
27 23 43.3203696242
27 24 25.0086922945
27 25 83.7371400838
27 26 63.549793148
27 27 0.0