30
870
0 0 0.0
0 1 23.6650929039
0 2 22.8577520604
0 3 75.9114147759
0 4 97.8260799482
0 5 4.8631582349
0 6 35.5774983633
0 7 53.6086263615
0 8 59.0882837698
0 9 4.52415560781
0 10 36.6611124563
0 11 77.696510017
0 12 53.0732995971
0 13 41.0591680467
0 14 93.4307905746
0 15 70.2790821644
0 16 39.6032594805
0 17 12.2214548447
0 18 40.0082195476
0 19 54.7361167394
0 20 99.8616175198
0 21 94.4226873915
0 22 77.756159555
0 23 99.5741522013
0 24 64.9360700804
0 25 26.2256792798
0 26 12.7143648932
0 27 42.7914017371
0 28 42.097162018
0 29 72.7829415344
1 0 84.018449689
1 1 0.0
1 2 70.7368869621
1 3 46.3679859822
1 4 73.1798944972
1 5 29.9112798019
1 6 85.4656875057
1 7 12.4533357742
1 8 98.0869083365
1 9 55.2135248453
1 10 12.150553282
1 11 93.0869650604
1 12 17.8358802615
1 13 98.5461590792
1 14 39.4667964832
1 15 96.4253800689
1 16 71.4102543732
1 17 48.257990856
1 18 65.9995145831
1 19 9.16817916265
1 20 61.6223309241
1 21 97.7734036461
1 22 72.1948794092
1 23 24.2482301279
1 24 28.7095868243
1 25 1.06093590288
1 26 33.0912464622
1 27 77.4483876526
1 28 13.1857696492
1 29 65.0271309972
2 0 3.51177389102
2 1 54.7059760342
2 2 0.0
2 3 76.4036174249
2 4 54.9747279707
2 5 22.6904805829
2 6 71.3437362252
2 7 75.786988768
2 8 77.7907058942
2 9 64.2223996111
2 10 17.2846525839
2 11 80.7110284902
2 12 10.5019635753
2 13 89.5719832797
2 14 73.6924538854
2 15 11.4935506015
2 16 55.3207356175
2 17 6.56342793232
2 18 21.7562308755
2 19 44.9563783634
2 20 88.4176864525
2 21 4.10275396082
2 22 2.92955408255
2 23 44.5624905055
2 24 45.3728801568
2 25 87.0905686133
2 26 33.3479499315
2 27 83.3786073836
2 28 83.7908484093
2 29 50.5038337355
3 0 40.6840078316
3 1 72.6056742235
3 2 99.9945736526
3 3 0.0
3 4 97.8010397489
3 5 22.031538741
3 6 62.5971414765
3 7 57.1581062161
3 8 99.8861536739
3 9 49.3920205149
3 10 72.2070013198
3 11 77.8148472688
3 12 45.0262143445
3 13 14.472337143
3 14 54.940755591
3 15 78.0909671661
3 16 18.3999664889
3 17 17.3490744353
3 18 41.6874955911
3 19 96.2204220355
3 20 81.2782404927
3 21 16.1249922636
3 22 38.0919406595
3 23 55.683096396
3 24 51.8533531087
3 25 41.1326567242
3 26 91.5772769299
3 27 78.2762816365
3 28 3.75390274737
3 29 86.4661174548
4 0 62.8003437141
4 1 29.4656595518
4 2 90.0140962478
4 3 63.8319158165
4 4 0.0
4 5 94.58774307
4 6 42.3770237033
4 7 32.8994477589
4 8 54.305412451
4 9 12.9680560986
4 10 91.6145715608
4 11 75.757192724
4 12 65.5305107961
4 13 5.72703046882
4 14 50.4190539816
4 15 67.2042967963
4 16 44.4998744235
4 17 89.6317406788
4 18 9.02104891104
4 19 29.9651941779
4 20 20.2047381259
4 21 79.6811777463
4 22 49.2593726715
4 23 24.2193483259
4 24 23.7937451282
4 25 48.9792543157
4 26 3.8522285949
4 27 17.0774079051
4 28 28.8385646117
4 29 35.8108280103
5 0 27.4121781191
5 1 39.3096597763
5 2 71.772691501
5 3 20.436176779
5 4 80.8750627499
5 5 0.0
5 6 1.98701215756
5 7 11.8170766354
5 8 45.1454732716
5 9 68.8889163468
5 10 4.04008802567
5 11 36.7533958797
5 12 5.25957334907
5 13 50.1999675781
5 14 39.8631465407
5 15 70.4705270317
5 16 7.13993658003
5 17 81.9339295967
5 18 32.1261974693
5 19 12.2244833222
5 20 65.9871313551
5 21 79.9658207464
5 22 7.2229811567
5 23 8.10212362522
5 24 89.9715100457
5 25 56.9151135862
5 26 80.2479792123
5 27 15.1670590999
5 28 31.0809117548
5 29 82.2116808634
6 0 73.1163783806
6 1 85.2578325337
6 2 71.6978147157
6 3 50.8664639875
6 4 2.69393905566
6 5 87.064845789
6 6 0.0
6 7 62.2833176878
6 8 95.0742866725
6 9 15.9917996023
6 10 75.1254281589
6 11 79.7665966066
6 12 54.6877285388
6 13 9.87742959099
6 14 13.5716723008
6 15 33.6815371057
6 16 22.2969998276
6 17 54.4147825047
6 18 28.4395823941
6 19 37.2799629838
6 20 84.1180112868
6 21 54.199198358
6 22 96.1347691463
6 23 22.2150535501
6 24 43.5843607485
6 25 76.9064667043
6 26 65.1902171952
6 27 31.5668800072
6 28 39.1400021186
6 29 67.4245611749
7 0 36.0579679646
7 1 6.21801713188
7 2 22.9062620239
7 3 38.2791969792
7 4 76.5240955637
7 5 6.09078985581
7 6 97.1455521587
7 7 0.0
7 8 20.2501410761
7 9 53.5242453011
7 10 22.8173002562
7 11 39.1067817348
7 12 23.4947296625
7 13 92.1578974627
7 14 65.3243982439
7 15 94.388757439
7 16 53.2909392312
7 17 90.9483964398
7 18 38.4366515966
7 19 29.7231980142
7 20 50.804706288
7 21 85.8757521898
7 22 38.1031826856
7 23 13.2826511624
7 24 58.7187636993
7 25 32.6770708781
7 26 50.135251445
7 27 25.7102374378
7 28 66.0422657586
7 29 86.613835775
8 0 88.4455924384
8 1 80.2797345817
8 2 56.0909729821
8 3 31.1261928009
8 4 74.377366447
8 5 58.8014974401
8 6 45.2531652294
8 7 63.264147673
8 8 0.0
8 9 94.1103780407
8 10 32.5646246427
8 11 42.1893342278
8 12 71.4176588179
8 13 1.75042511002
8 14 73.8993849249
8 15 60.3347320263
8 16 89.9260669693
8 17 60.1580739613
8 18 38.9800806515
8 19 68.1897073027
8 20 3.79943914124
8 21 69.3554298691
8 22 2.19623815321
8 23 9.06090563176
8 24 57.2819093508
8 25 14.6214132073
8 26 42.3926979099
8 27 56.3514397895
8 28 14.8574999017
8 29 80.1499194024
9 0 4.7559385488
9 1 5.50045033227
9 2 22.8886399372
9 3 24.3714472976
9 4 36.8121906122
9 5 89.3065627681
9 6 62.0632358168
9 7 52.5404036411
9 8 22.8153859823
9 9 0.0
9 10 85.4597310648
9 11 23.0271747599
9 12 53.4458446175
9 13 88.5880059658
9 14 77.1776205266
9 15 39.8306744844
9 16 30.1479823072
9 17 44.2845076831
9 18 59.5033903984
9 19 49.2762915086
9 20 49.3460706085
9 21 75.9910304174
9 22 83.8539036679
9 23 37.4560025334
9 24 43.2848364594
9 25 52.5735243801
9 26 78.975756319
9 27 22.5771564243
9 28 77.487541368
9 29 43.7510711241
10 0 30.6620744872
10 1 14.8823159136
10 2 75.4466839612
10 3 70.1829354397
10 4 85.4478930059
10 5 63.5823823067
10 6 9.07087317561
10 7 51.2166118552
10 8 53.4041763511
10 9 9.62789526495
10 10 0.0
10 11 44.6221136993
10 12 4.34276525387
10 13 96.3512557915
10 14 6.2555706387
10 15 64.0274721923
10 16 88.1066259745
10 17 11.9169627424
10 18 12.6172917156
10 19 74.2062469679
10 20 99.2061862048
10 21 14.1632284578
10 22 36.4419591197
10 23 11.2807690778
10 24 86.048064712
10 25 78.2330038427
10 26 74.3992210378
10 27 72.4803190909
10 28 63.3488224177
10 29 59.9283713648
11 0 76.0630452599
11 1 57.5116593472
11 2 25.4137380575
11 3 96.3185916638
11 4 3.73552084469
11 5 18.7012095375
11 6 54.4952841548
11 7 70.8244400317
11 8 23.0904452636
11 9 10.2146377626
11 10 63.5112152528
11 11 0.0
11 12 37.1498987709
11 13 96.1080164947
11 14 48.8963919185
11 15 54.8330162438
11 16 17.8478084792
11 17 93.3403681221
11 18 65.5772439574
11 19 58.9019232433
11 20 37.217125624
11 21 28.3520129502
11 22 76.2448625973
11 23 21.7470544538
11 24 64.4727838377
11 25 85.9290020687
11 26 15.1806149271
11 27 34.8690307451
11 28 82.696222357
11 29 86.5635155897
12 0 8.80608632904
12 1 57.9034112486
12 2 45.9609959841
12 3 16.2594558049
12 4 7.18897469325
12 5 73.8061711489
12 6 44.7851525955
12 7 63.8955807803
12 8 53.5987500809
12 9 60.4111520531
12 10 81.0830685597
12 11 16.3146860956
12 12 0.0
12 13 62.1055601436
12 14 2.27525471082
12 15 99.208845202
12 16 96.5676555257
12 17 39.3425659035
12 18 41.9657936544
12 19 6.95761583234
12 20 3.64068410601
12 21 83.0667256942
12 22 52.0876261516
12 23 98.1582996728
12 24 47.0163736179
12 25 4.4053594734
12 26 6.00955653047
12 27 15.938120828
12 28 88.8609711213
12 29 37.7379924105
13 0 63.1173154809
13 1 54.7637530779
13 2 18.7201401906
13 3 46.1194967963
13 4 55.3346285878
13 5 2.54359304921
13 6 86.4881541015
13 7 19.6470514503
13 8 28.2028262405
13 9 72.3444947741
13 10 61.1343204671
13 11 55.1171792247
13 12 62.9466981554
13 13 0.0
13 14 10.8377413816
13 15 43.6346342421
13 16 39.3940321864
13 17 56.3908046394
13 18 70.6562335781
13 19 87.4015541219
13 20 12.1440866716
13 21 46.8679958241
13 22 94.9383481993
13 23 54.9757434319
13 24 87.1319188158
13 25 11.3886960792
13 26 43.0559930052
13 27 47.8384000941
13 28 42.3875609169
13 29 10.9553088013
14 0 39.9362771125
14 1 14.7472656973
14 2 41.7658508246
14 3 73.1281628918
14 4 79.2878755601
14 5 99.4429914047
14 6 77.7151042425
14 7 40.5932167513
14 8 92.6742461072
14 9 17.191802638
14 10 69.0404183874
14 11 75.6301810154
14 12 90.133032967
14 13 38.191417246
14 14 0.0
14 15 85.836953204
14 16 53.5792617777
14 17 77.0719949354
14 18 12.4899832159
14 19 71.7497936306
14 20 82.944848104
14 21 10.3427087293
14 22 14.5017990078
14 23 45.2379147188
14 24 13.7862490873
14 25 44.3096104558
14 26 30.0110908896
14 27 78.4468068389
14 28 75.2412844777
14 29 65.2929940862
15 0 58.1121408586
15 1 5.92910183244
15 2 79.6348749005
15 3 36.1655464234
15 4 48.04725393
15 5 60.4516750966
15 6 2.33484053984
15 7 76.0960105253
15 8 69.2317710059
15 9 49.336641233
15 10 56.7013194614
15 11 26.2557237362
15 12 3.69904172781
15 13 64.9741274791
15 14 67.4865352199
15 15 0.0
15 16 59.6191628697
15 17 96.4078443311
15 18 3.15418712569
15 19 86.1026741902
15 20 10.5091067935
15 21 45.2499830367
15 22 80.4701883577
15 23 3.26466210296
15 24 56.5250963787
15 25 77.22410794
15 26 29.1856327384
15 27 89.4601822703
15 28 66.6985229256
15 29 6.90706730654
16 0 84.178736017
16 1 53.8699385598
16 2 44.9169414499
16 3 56.4257099769
16 4 44.704334205
16 5 51.218850149
16 6 93.967618612
16 7 87.6997396217
16 8 81.2196932482
16 9 65.8992644218
16 10 39.6747451913
16 11 79.2928098432
16 12 53.0414116687
16 13 49.3766182247
16 14 11.0745098024
16 15 37.9118075497
16 16 0.0
16 17 11.6156362103
16 18 19.7638572307
16 19 42.2549299468
16 20 46.4093586754
16 21 61.6147150804
16 22 98.9064636063
16 23 12.4562609119
16 24 57.457997867
16 25 69.0178274254
16 26 79.9662211324
16 27 80.7578669555
16 28 68.9150610581
16 29 67.946959141
17 0 75.2657424045
17 1 52.0564978361
17 2 27.3391943257
17 3 14.2297800953
17 4 82.4440595781
17 5 22.1179274412
17 6 7.63090831928
17 7 54.4841766097
17 8 28.7405159859
17 9 81.9481114515
17 10 98.202661519
17 11 67.3262483438
17 12 87.6664351719
17 13 42.3943171491
17 14 81.4057660419
17 15 32.6513535068
17 16 55.7649186534
17 17 0.0
17 18 14.4848879586
17 19 23.9774310502
17 20 26.3797185084
17 21 14.4723761213
17 22 37.5015811465
17 23 32.7505822592
17 24 67.5573005993
17 25 51.4797902694
17 26 89.3909049716
17 27 63.8407103372
17 28 29.5413817755
17 29 91.8130306536
18 0 83.9389780665
18 1 92.6397679598
18 2 94.1219358705
18 3 2.04134557032
18 4 38.8950482285
18 5 63.3219883141
18 6 3.32034270601
18 7 55.0482183903
18 8 48.6688405073
18 9 68.0446497968
18 10 88.6803909796
18 11 15.4910997944
18 12 91.3590969215
18 13 55.1918244959
18 14 44.44402568
18 15 5.00700615014
18 16 77.7957937191
18 17 38.9329612292
18 18 0.0
18 19 27.1574921295
18 20 21.3185785008
18 21 90.1378993568
18 22 97.9209993438
18 23 93.7374837941
18 24 61.6975037611
18 25 99.6418349905
18 26 21.2687375103
18 27 11.235700425
18 28 90.8281812206
18 29 22.0130550518
19 0 49.6336392666
19 1 7.41883045505
19 2 12.5960005803
19 3 99.0423592592
19 4 64.9930389828
19 5 27.4130947839
19 6 67.7440689323
19 7 78.5290116889
19 8 86.2002146522
19 9 49.5277257466
19 10 17.9852195666
19 11 60.8051064457
19 12 77.9077804991
19 13 60.1695030825
19 14 53.3790586917
19 15 70.2021458545
19 16 32.4486906425
19 17 85.0352733799
19 18 22.2815822113
19 19 0.0
19 20 4.36846116103
19 21 62.6443370885
19 22 51.5908064126
19 23 32.3908554792
19 24 92.4997831832
19 25 43.4845251042
19 26 30.9819268671
19 27 52.6114209243
19 28 99.3191240403
19 29 78.51428106
20 0 61.7969408409
20 1 79.4604254374
20 2 79.2498374657
20 3 43.5938083831
20 4 36.0680465307
20 5 17.0218518773
20 6 11.7524944372
20 7 83.2312034037
20 8 74.7535490172
20 9 78.0523921638
20 10 88.5148159708
20 11 82.3088990939
20 12 11.7438263742
20 13 97.753664758
20 14 69.3017086333
20 15 23.6021975148
20 16 44.4204737418
20 17 29.1662021981
20 18 98.0148219988
20 19 66.4204369392
20 20 0.0
20 21 6.31951821645
20 22 96.7526950038
20 23 45.959356401
20 24 85.7146362682
20 25 40.3309601783
20 26 87.0573486767
20 27 19.4411509124
20 28 54.1352744712
20 29 4.38272891042
21 0 75.6620455022
21 1 84.1612126913
21 2 53.575154675
21 3 59.5630162906
21 4 88.5524858529
21 5 14.1704482369
21 6 88.3866312165
21 7 66.6544990086
21 8 63.0481653757
21 9 40.4521161507
21 10 20.1348480382
21 11 14.6974214903
21 12 92.4236287608
21 13 80.856109585
21 14 34.8146368974
21 15 82.1642934687
21 16 89.1329526582
21 17 66.0720698191
21 18 10.0915884488
21 19 3.96785704956
21 20 68.3981630182
21 21 0.0
21 22 6.05279160548
21 23 9.40288432796
21 24 9.23562521722
21 25 84.1015150312
21 26 90.3502831824
21 27 25.5886720856
21 28 44.2146978317
21 29 58.5206036934
22 0 53.2647578736
22 1 31.8007393167
22 2 94.1851996669
22 3 20.5577672261
22 4 18.0279386105
22 5 65.9551733164
22 6 19.9251120565
22 7 17.4123789153
22 8 27.0969883972
22 9 52.2325493052
22 10 50.5445840828
22 11 43.4291122168
22 12 63.5438308545
22 13 93.8186324818
22 14 81.2686801565
22 15 63.5742101052
22 16 90.4188783044
22 17 17.2013404669
22 18 74.7204798565
22 19 67.7415860742
22 20 48.9122874396
22 21 42.5996495581
22 22 0.0
22 23 81.8898740075
22 24 1.79311656585
22 25 25.3191280595
22 26 9.05220941972
22 27 57.5551104531
22 28 12.3420840734
22 29 32.086504074
23 0 31.5151048058
23 1 39.875098586
23 2 90.8895473993
23 3 47.3053175901
23 4 99.2075631107
23 5 98.9111288582
23 6 59.803943854
23 7 59.0629380603
23 8 11.0946747366
23 9 53.1014940341
23 10 10.7323905307
23 11 36.5003069202
23 12 86.2927429815
23 13 17.941772153
23 14 23.557208053
23 15 20.3099930302
23 16 28.5596443345
23 17 49.8325086125
23 18 87.8479694637
23 19 76.3302805676
23 20 58.0264885011
23 21 39.6990669778
23 22 81.9273021278
23 23 0.0
23 24 17.9092123909
23 25 79.3165138047
23 26 15.555928016
23 27 63.7541366314
23 28 39.7193576219
23 29 35.1158840865
24 0 93.1388917337
24 1 66.6852895811
24 2 15.0262805926
24 3 73.8414556045
24 4 36.8081664146
24 5 58.4295445205
24 6 95.4192038713
24 7 75.1039485779
24 8 76.0028113268
24 9 75.7330015649
24 10 98.6813264808
24 11 87.601722125
24 12 93.9802621656
24 13 90.6175197763
24 14 69.207004902
24 15 3.45019673713
24 16 73.5476374923
24 17 7.89608191672
24 18 16.648727253
24 19 72.3144677159
24 20 48.7957302599
24 21 53.5909982551
24 22 33.82034431
24 23 48.8210515159
24 24 0.0
24 25 37.6694986571
24 26 33.5737142159
24 27 99.9390926908
24 28 50.4636555712
24 29 49.1564739096
25 0 86.3444742723
25 1 70.4972391515
25 2 89.617413934
25 3 86.6055496883
25 4 32.7046119065
25 5 4.68333883481
25 6 50.1729691583
25 7 83.9288311349
25 8 27.0438698196
25 9 59.1743071876
25 10 27.1108566469
25 11 99.400283894
25 12 58.1135353808
25 13 93.4956658334
25 14 82.9403257819
25 15 76.4546884862
25 16 59.8583253124
25 17 78.569301909
25 18 36.1531090648
25 19 91.4644469887
25 20 36.9375304384
25 21 91.8839683351
25 22 6.67338737578
25 23 43.2668068104
25 24 13.5572284414
25 25 0.0
25 26 87.1458502349
25 27 94.6430895474
25 28 85.1395280123
25 29 19.0159725757
26 0 34.2390326161
26 1 31.4073498454
26 2 99.2305987366
26 3 27.9570754016
26 4 20.3276377674
26 5 56.3041782405
26 6 57.0875979559
26 7 67.9840083366
26 8 10.9842918592
26 9 28.6254992177
26 10 13.3875412276
26 11 27.8815632277
26 12 55.0013921158
26 13 32.2417286928
26 14 15.7447829109
26 15 88.6425941068
26 16 5.94479180432
26 17 8.21735651
26 18 67.1764372764
26 19 37.7342495849
26 20 71.6435835036
26 21 97.7419526563
26 22 15.6473572007
26 23 32.4476284546
26 24 90.2342801125
26 25 6.66570365408
26 26 0.0
26 27 1.95035497036
26 28 33.9297432431
26 29 46.7977807734
27 0 93.504171766
27 1 27.7925824488
27 2 63.3233309371
27 3 94.7481162803
27 4 26.94575086
27 5 69.2823941372
27 6 54.7720851397
27 7 60.8657016547
27 8 98.5910304515
27 9 22.2993340859
27 10 50.7244076077
27 11 81.7895491623
27 12 38.8424010267
27 13 79.0606955462
27 14 84.1838831239
27 15 86.1331671034
27 16 77.919093158
27 17 9.0957403578
27 18 83.0346041644
27 19 71.9248467979
27 20 30.45922858
27 21 92.1545909146
27 22 74.8383997141
27 23 54.5304835311
27 24 53.8256203491
27 25 95.6273760453
27 26 75.7951806613
27 27 0.0
27 28 24.8658166736
27 29 12.9077939199
28 0 33.8888284121
28 1 64.7891840263
28 2 19.9115683495
28 3 66.6862420728
28 4 17.5330459347
28 5 43.3785861574
28 6 69.6857357923
28 7 64.1389346564
28 8 2.40132916178
28 9 9.97691926488
28 10 36.3426388337
28 11 56.0887963617
28 12 17.5519170566
28 13 45.5003229631
28 14 99.8689267164
28 15 74.2447297008
28 16 44.2884343742
28 17 94.2303271904
28 18 2.01340220703
28 19 67.5718200475
28 20 44.3677031631
28 21 25.5545660733
28 22 71.1684296266
28 23 94.8659119698
28 24 2.70253098447
28 25 32.3520929054
28 26 58.8176507295
28 27 31.4176920503
28 28 0.0
28 29 59.8400487066
29 0 21.838988552
29 1 88.6117154321
29 2 77.4897116692
29 3 76.7952536078
29 4 91.236195521
29 5 68.06858048
29 6 5.24880468094
29 7 3.40008461202
29 8 36.2871678097
29 9 15.9640382496
29 10 20.7590592058
29 11 88.244785435
29 12 46.3434344124
29 13 63.9943212122
29 14 14.0781697565
29 15 96.6053734449
29 16 14.3996797778
29 17 87.3494831227
29 18 24.11330692
29 19 43.1334194078
29 20 67.827400911
29 21 2.62897323779
29 22 8.78055881892
29 23 73.5171669718
29 24 92.6066984195
29 25 96.5369080727
29 26 63.5858119005
29 27 6.65038342083
29 28 7.76110376869
29 29 0.0