true
7
42
0 1 78.7182096053
1 0 61.7773389602
0 2 29.6560840793
2 0 3.24691945541
0 3 95.1796086437
3 0 16.6504484885
0 4 61.8308587112
4 0 21.7907438166
0 5 4.35350481875
5 0 61.7921185917
0 6 35.2633887079
6 0 19.2343757545
1 2 31.3694973031
2 1 93.3919514123
1 3 2.25178099675
3 1 40.5573475245
1 4 3.77310454441
4 1 43.25422144
1 5 44.6643282676
5 1 75.5578253564
1 6 47.7122048672
6 1 82.9084548028
2 3 12.0502351675
3 2 93.8896988921
2 4 9.48948533657
4 2 21.5945235825
2 5 59.0024618791
5 2 63.9194119088
2 6 5.82158972709
6 2 92.3902729849
3 4 39.2229941194
4 3 90.829187797
3 5 21.5203284556
5 3 52.9030474904
3 6 70.743137424
6 3 28.5138672112
4 5 16.9301881572
5 4 52.238155758
4 6 17.1491198723
6 4 92.0952318272
5 6 73.8888881696
6 5 99.2877747166
