true
8
56
0 1 1.82001462844
1 0 36.5008417183
0 2 2.65025547781
2 0 15.7237934323
0 3 29.5425530049
3 0 81.3408824697
0 4 28.4157023666
4 0 27.6135154939
0 5 61.7872692488
5 0 37.518525212
0 6 73.7822226974
6 0 4.06817712648
0 7 43.0180436814
7 0 71.3806053849
1 2 10.984096617
2 1 96.7898772467
1 3 95.432442193
3 1 4.73239602469
1 4 50.5867461669
4 1 30.3372931706
1 5 23.3074504809
5 1 44.4696443279
1 6 62.7871081927
6 1 18.1855022302
1 7 88.4270718545
7 1 34.5359641222
2 3 20.651080371
3 2 37.1631018508
2 4 98.4711734904
4 2 87.9824225271
2 5 71.7879525825
5 2 53.6356056658
2 6 79.1867221618
6 2 18.8459882122
2 7 45.1546017033
7 2 56.4933921609
3 4 22.5236004579
4 3 57.4022023679
3 5 14.9653639672
5 3 38.1003049359
3 6 6.82890179136
6 3 49.5015618542
3 7 99.2982448721
7 3 58.8998613465
4 5 28.1828897099
5 4 11.4747791834
4 6 41.8552449272
6 4 56.8601746354
4 7 20.5649492971
7 4 41.8234643239
5 6 73.2168068946
6 5 3.25626568507
5 7 26.0206880918
7 5 74.9840342712
6 7 63.9294488828
7 6 71.2301436995
