true
9
72
0 1 94.9438166646
1 0 44.7640405131
0 2 23.2140822289
2 0 16.7688635596
0 3 74.4934922033
3 0 38.1171510962
0 4 66.4277327653
4 0 50.2677235431
0 5 76.1177132569
5 0 95.6727054383
0 6 65.7143423258
6 0 82.6129951815
0 7 40.1772743691
7 0 69.6188919621
0 8 26.5654298882
8 0 19.1413054769
1 2 60.2968138517
2 1 66.7340052703
1 3 26.3487318865
3 1 57.2903662229
1 4 53.8906104497
4 1 36.7280532676
1 5 74.2563818071
5 1 40.3406100576
1 6 1.66946442255
6 1 19.326619205
1 7 4.84752657423
7 1 66.2777624419
1 8 59.8695331729
8 1 2.03866877675
2 3 75.7670072106
3 2 25.4870088968
2 4 23.0055030029
4 2 47.7433355646
2 5 31.8353000078
5 2 56.0449441646
2 6 15.4851996788
6 2 3.523997657
2 7 56.2437191067
7 2 84.010495347
2 8 86.848863736
8 2 26.7369340671
3 4 67.9452911752
4 3 92.9577826762
3 5 98.4133582087
5 3 34.6748784227
3 6 56.9442235894
6 3 80.0960759786
3 7 86.885496293
7 3 98.7054650989
3 8 73.5623561126
8 3 40.7824519091
4 5 38.9393766813
5 4 49.5950287432
4 6 62.4839385081
6 4 79.7176639525
4 7 30.691212679
7 4 13.2738452252
4 8 54.5349749009
8 4 53.7761290251
5 6 4.3655306991
6 5 72.2602633384
5 7 5.01702808433
7 5 49.7199280683
5 8 29.3823375178
8 5 25.523940675
6 7 76.5095557779
7 6 80.9241039551
6 8 3.26501983077
8 6 20.9415603738
7 8 37.6411000513
8 7 75.2490798077
